  1.6245933e-001 -1.1372051e-002
 -8.5879215e-001 -6.2914643e-001
 -2.5150738e-001 -1.3325236e-001
 -9.3282076e-001 -8.1085650e-001
 -1.8771382e-001 -1.1882734e-001
  3.1591622e-001  2.1297094e-001
  1.5048109e-001  6.1441346e-002
  9.5191248e-001  1.2921333e+000
 -1.1672132e-001 -2.8267388e-002
  5.5567395e-001  3.0616643e-001
  1.3891685e-001 -1.4970936e-002
 -9.5780043e-001 -7.1787898e-001
  2.4547105e-002  1.7020740e-002
 -1.8489571e-001 -1.8572257e-001
 -5.6032585e-001 -3.6598313e-001
 -5.3907866e-001 -3.4993393e-001
 -1.2290043e-001 -1.5248232e-001
  8.3978766e-001  9.5922121e-001
 -3.6192487e-001 -1.6800212e-001
 -4.3133093e-001 -3.4289027e-001
 -2.7244198e-001 -1.3509088e-001
 -1.3649138e-003 -9.7229588e-003
  6.2704856e-001  4.0686683e-001
 -5.3036350e-001 -5.1095268e-001
 -9.5547213e-001 -6.9999898e-001
 -3.9775717e-001 -1.9203699e-001
 -4.0387553e-001 -2.8974735e-001
  6.5185595e-001  4.7357820e-001
 -7.2720912e-001 -5.1925606e-001
  6.2916081e-001  4.0175407e-001
  7.2217671e-001  5.4589439e-001
  1.0588365e-001  1.1656896e-001
 -9.6294026e-001 -7.3644812e-001
  1.5642961e-002 -5.8781323e-002
  4.2729027e-001  9.4959357e-002
  3.9549595e-001  1.0512481e-001
  7.8691119e-001  7.0871672e-001
  4.0236994e-001  2.5612731e-001
  8.7458076e-001  1.0965141e+000
 -9.7821445e-001 -8.5106891e-001
  6.3948081e-001  4.2315363e-001
 -9.3146469e-001 -7.3195492e-001
  3.2320642e-002 -2.1454210e-002
  3.0666064e-001  1.4193333e-001
  5.0825453e-001  2.0537687e-001
 -4.4000605e-001 -3.8316555e-001
  2.0610212e-001  2.2209651e-002
  7.7756146e-001  7.8393821e-001
  2.8646821e-001  6.3751850e-002
  5.7212671e-001  2.9122718e-001
 -1.7717516e-002 -1.1776170e-002
 -1.9307919e-001 -1.6479273e-001
  7.5488020e-001  6.5197686e-001
  4.1636585e-001  2.1288292e-001
  6.5298321e-001  5.1157056e-001
 -9.7865917e-001 -7.7904678e-001
 -8.0888572e-001 -6.6622798e-001
  8.6568505e-002 -2.1361058e-004
  7.1243489e-001  5.4052812e-001
 -4.7128813e-001 -4.2444443e-001
  5.5109452e-001  3.7962337e-001
  2.7584150e-001  6.6188842e-002
  4.5011951e-001  2.9241167e-001
  7.8929522e-001  6.9688289e-001
  5.3597401e-001  3.1581859e-001
 -5.8630632e-001 -5.1686800e-001
 -9.1339168e-001 -7.5495029e-001
 -6.9287289e-001 -5.7650189e-001
  4.3662713e-001  1.1054392e-001
 -7.4271299e-001 -6.4499740e-001
 -5.5842215e-001 -5.0030966e-001
 -9.2881117e-002  3.7196406e-002
 -6.9478296e-002  4.4777454e-003
 -8.2042748e-001 -7.7551023e-001
  1.3459290e-002 -2.2103856e-002
 -8.4698180e-001 -7.5680859e-001
 -6.6695061e-001 -5.9761870e-001
  4.9542008e-001  2.6283093e-001
 -3.3086548e-001 -1.5859588e-001
 -3.8989196e-001 -2.7808357e-001
  6.3775711e-001  4.9342999e-001
  9.6409789e-001  1.4210786e+000
  9.3794002e-001  1.3630941e+000
  1.5324467e-001  3.2387882e-002
 -5.3303402e-001 -3.2721289e-001
 -4.1580310e-001 -2.4708463e-001
  3.4752866e-001  4.6938917e-002
  1.4747740e-001  1.0978988e-001
 -6.0059550e-001 -4.0643001e-001
  9.1639679e-001  1.1907264e+000
 -3.2769022e-001 -3.0075954e-001
 -7.0067179e-001 -5.2100688e-001
 -3.4323356e-001 -3.0996884e-001
 -7.7380665e-001 -6.5053509e-001
  5.4382895e-001  3.8521734e-001
  5.8512504e-001  3.5911418e-001
  1.7413756e-001 -2.1012487e-002
 -8.4161676e-001 -7.2609454e-001
 -6.1419602e-001 -4.6492018e-001
  5.5081027e-001  2.6268755e-001
 -2.9321713e-001 -1.0628937e-001
  6.7789557e-001  5.0011776e-001
 -7.3222549e-001 -6.7617581e-001
  3.9629588e-001  1.1101470e-001
 -6.1931074e-001 -4.3860693e-001
 -2.0638621e-001 -6.9958196e-002
 -3.2210535e-001 -1.7768150e-001
  8.4538551e-001  8.7161580e-001
  6.7680522e-001  5.7328277e-001
  2.5904811e-001  9.2434513e-002
  7.3098130e-001  6.5248957e-001
 -5.6742082e-001 -3.7272042e-001
 -8.7020183e-001 -8.1106486e-001
  3.5600107e-001  1.6842754e-001
  7.0240380e-002 -6.7201700e-002
  3.4698467e-002 -6.6688885e-002
 -4.8856266e-001 -2.8947716e-001
  7.0565518e-001  5.7474642e-001
  6.4640212e-001  4.7885650e-001
 -9.6685558e-001 -8.2800550e-001
 -5.0579993e-002  3.4569421e-005
  8.8823714e-001  1.0226105e+000
 -8.2758915e-002 -1.1761725e-002
  6.9994460e-001  4.8828278e-001
  7.1104783e-002  5.3647910e-002
 -1.3179744e-001  2.4972630e-002
 -9.5113259e-001 -7.3718069e-001
  8.7195615e-003 -2.9749924e-002
  7.5296791e-001  6.6774920e-001
  8.1649764e-001  7.6066492e-001
 -4.2959303e-001 -3.0608823e-001
 -7.3459268e-001 -5.2697620e-001
 -9.9973491e-001 -7.3531117e-001
 -3.6407858e-001 -2.6845348e-001
  6.0216000e-002  4.3678288e-002
  6.5835224e-001  4.8593386e-001
  3.4716706e-001  1.4436342e-001
  8.2602900e-001  8.1503067e-001
  5.1228385e-001  2.2556441e-001
 -6.6297515e-001 -5.5376567e-001
  9.2803188e-001  1.1996032e+000
 -3.0346810e-001 -2.1281600e-001
  1.9697512e-001  9.5722525e-002
  4.6278341e-001  2.8294419e-001
  7.4163273e-001  6.4204838e-001
 -3.3320113e-001 -1.8505845e-001
 -7.3914575e-002  1.5275935e-002
 -6.6622658e-001 -6.2090738e-001
 -6.7221407e-002 -8.7002210e-003
 -8.7259089e-002  1.0617909e-002
 -7.4435540e-001 -6.4972061e-001
  2.7986074e-001  9.8100864e-002
  7.9297645e-001  7.8260417e-001
 -1.4514408e-001 -1.3395417e-001
 -6.4830793e-001 -4.7227675e-001
 -4.1020331e-001 -2.9133611e-001
 -8.8252337e-001 -8.2000624e-001
 -8.7965424e-001 -7.6601610e-001
 -9.4668022e-001 -7.0547435e-001
  1.0093481e-001 -3.4036148e-002
  1.2610143e-001  8.0716120e-002
 -3.9080877e-001 -2.2562251e-001
  5.0902157e-001  3.0616093e-001
  3.4220638e-001  6.1247234e-002
  8.7967651e-001  1.1656098e+000
 -2.9690618e-002 -2.9064268e-002
  3.6175682e-002  2.7710627e-002
  5.7840643e-001  2.6531840e-001
  1.4233649e-001  5.3482484e-002
  5.3298969e-001  2.2040114e-001
  8.4033220e-001  8.9473660e-001
 -5.7938733e-001 -5.4012403e-001
  2.1622836e-001  5.3113897e-002
 -6.8549591e-002 -7.1249841e-004
  2.3339979e-001  9.4328955e-002
 -5.9381575e-001 -4.2227719e-001
  3.5520105e-001  1.6253672e-001
 -9.6536888e-001 -8.6146225e-001
 -5.4678498e-001 -4.8202317e-001
  8.2893208e-001  9.7705164e-001
  5.3686807e-001  3.7196573e-001
  6.6625285e-002  1.2605147e-001
 -8.6323957e-001 -7.6410031e-001
 -6.0083154e-001 -3.9155592e-001
 -9.7596474e-001 -7.5428176e-001
  9.3314383e-001  1.3241705e+000
  6.6440138e-001  5.0270221e-001
 -1.0938188e-001  3.7414259e-003
  9.8099093e-001  1.5431420e+000
  5.8856877e-001  3.3494323e-001
 -2.2777664e-002 -7.5578282e-002
 -7.3882149e-001 -7.1680248e-001
 -5.7551496e-001 -5.3172654e-001
  6.6222031e-001  4.5507339e-001
 -3.5242526e-001 -3.3453779e-001
  4.7753543e-001  3.2698137e-001
 -6.8025448e-001 -6.0796355e-001
  4.6294143e-001  3.1232241e-001
 -8.9261177e-001 -8.4038352e-001
  4.2877905e-001  1.7368260e-001
