  8.6815683e-003  1.8183044e-002
  1.8834951e-003  1.2582578e-002
  1.8618155e-003  4.9301113e-003
  4.7746207e-003 -6.8692500e-003
 -2.5471363e-003 -8.9052799e-003
 -9.3459249e-004 -2.6249256e-003
  1.8751129e-004 -5.9881782e-003
  8.5742167e-003  1.5110368e-002
 -9.8424387e-004 -1.9753820e-002
  2.7486974e-003  7.8579693e-003
 -6.3213146e-001 -6.4774757e-003
 -6.3024325e-001 -7.8006532e-003
 -6.4049408e-001 -3.3822533e-003
 -6.2527469e-001 -8.5802389e-003
 -6.2788850e-001 -3.0645239e-002
 -6.3731219e-001 -5.0665871e-002
 -6.4102701e-001 -1.1382273e-001
 -6.2605542e-001 -1.3877094e-001
 -6.2996850e-001 -1.3219895e-001
 -6.2823446e-001 -1.9508308e-001
 -6.2862393e-001 -1.9778509e-001
 -6.2663213e-001 -2.1361828e-001
 -6.2357221e-001 -2.6944855e-001
 -6.2800056e-001 -2.6275338e-001
 -6.3890525e-001 -3.1893580e-001
 -6.2704403e-001 -3.2617008e-001
 -6.3237419e-001 -3.4905288e-001
 -6.2849909e-001 -3.3649338e-001
 -6.2834082e-001 -3.5793150e-001
 -6.2775123e-001 -3.7462163e-001
 -6.4014218e-001 -3.8375223e-001
 -6.3683967e-001 -4.0074775e-001
 -6.3795911e-001 -4.0958295e-001
 -6.2274815e-001 -4.4027017e-001
 -6.3101412e-001 -4.3252906e-001
 -6.2785147e-001 -4.4391202e-001
 -6.2796273e-001 -4.6637590e-001
 -6.3968951e-001 -4.7116568e-001
 -6.3681727e-001 -4.5436185e-001
 -6.3563495e-001 -4.9485315e-001
 -6.2304346e-001 -4.7316951e-001
 -6.3673671e-001 -4.9705006e-001
 -6.3634633e-001 -4.7635606e-001
 -6.2779292e-001 -5.0410203e-001
 -6.2834892e-001 -5.1198330e-001
 -6.2724520e-001 -4.9399172e-001
 -6.2457667e-001 -5.1712121e-001
 -6.2677282e-001 -4.9154268e-001
 -6.4093005e-001 -4.8937678e-001
 -6.2964381e-001 -5.1476436e-001
 -6.2290120e-001 -5.1757760e-001
 -6.3948518e-001 -5.2997193e-001
 -6.3022753e-001 -5.1165468e-001
 -6.2270268e-001 -4.9305754e-001
 -6.3732968e-001 -5.0406244e-001
 -6.3081235e-001 -5.2202391e-001
 -6.3878396e-001 -5.1121050e-001
 -6.2634419e-001 -5.0464599e-001
 -6.3502536e-001 -5.3206019e-001
 -6.3757526e-001 -5.1388727e-001
 -6.2171084e-001 -5.0272285e-001
 -6.2706220e-001 -5.1036913e-001
 -6.2480574e-001 -5.2861522e-001
 -6.2765434e-001 -5.2495584e-001
 -6.2753070e-001 -5.1713958e-001
 -6.3070122e-001 -5.3651279e-001
 -6.3754166e-001 -5.2302622e-001
 -6.3145842e-001 -5.3014554e-001
 -6.3012794e-001 -5.2026532e-001
 -6.2475313e-001 -5.0773901e-001
 -6.3726137e-001 -5.2500670e-001
 -6.3076381e-001 -5.1952412e-001
 -6.2516251e-001 -5.3656752e-001
 -6.3421665e-001 -5.0408306e-001
 -6.3036364e-001 -5.3222581e-001
 -6.2696998e-001 -5.2532266e-001
 -6.3726849e-001 -5.1425944e-001
 -6.2844360e-001 -5.1039338e-001
 -6.4131696e-001 -5.3385633e-001
 -9.4625504e-001 -5.2012867e-001
 -9.4512200e-001 -5.0104976e-001
 -9.5637785e-001 -5.1702989e-001
 -9.3866913e-001 -5.4982640e-001
 -9.3985471e-001 -5.6132670e-001
 -9.4101527e-001 -5.5496532e-001
 -9.4075587e-001 -5.6925084e-001
 -9.4904599e-001 -5.8063563e-001
 -9.5347234e-001 -6.0660007e-001
 -9.4947338e-001 -6.1180462e-001
 -9.4361662e-001 -6.0366537e-001
 -9.3787985e-001 -6.2130855e-001
 -9.5465216e-001 -6.4602631e-001
 -9.4174303e-001 -6.3737966e-001
 -9.5541323e-001 -6.8020391e-001
 -9.4137541e-001 -6.8633571e-001
 -9.4724879e-001 -6.6464889e-001
 -9.5561849e-001 -7.0672595e-001
 -9.3967799e-001 -7.0283160e-001
 -9.5322435e-001 -7.1375099e-001
 -9.5421710e-001 -7.2876921e-001
 -9.5108736e-001 -7.2972164e-001
 -9.5023086e-001 -7.2609645e-001
 -9.4439679e-001 -7.3588171e-001
 -9.4296925e-001 -7.2386512e-001
 -9.3676574e-001 -7.4629806e-001
 -9.3665337e-001 -7.2106095e-001
 -9.4136785e-001 -7.5042527e-001
 -9.5101739e-001 -7.5933082e-001
 -9.3743831e-001 -7.4589943e-001
 -9.4829693e-001 -7.3882553e-001
 -9.5218612e-001 -7.5477973e-001
 -9.4393598e-001 -7.3457181e-001
 -9.5622120e-001 -7.5861458e-001
 -9.5565259e-001 -7.6539668e-001
 -9.5291334e-001 -7.6905055e-001
 -9.5250928e-001 -7.4167101e-001
 -9.4213143e-001 -7.7225284e-001
 -9.4766123e-001 -7.6629201e-001
 -9.3960873e-001 -7.7397995e-001
 -9.4872278e-001 -7.7291161e-001
 -9.3976754e-001 -7.6764352e-001
 -9.4155021e-001 -7.4506605e-001
 -9.4484136e-001 -7.4906229e-001
 -9.5330711e-001 -7.6395528e-001
 -9.4594178e-001 -7.6253504e-001
 -9.4726516e-001 -7.8359179e-001
 -9.4892770e-001 -7.6401945e-001
 -9.5465398e-001 -7.5144808e-001
 -9.5133567e-001 -7.6909953e-001
 -9.4980185e-001 -7.7192367e-001
 -9.4901634e-001 -7.8388254e-001
 -9.5359339e-001 -7.6214979e-001
 -9.5018318e-001 -7.4872894e-001
 -9.5089407e-001 -7.6141347e-001
 -9.4011611e-001 -7.7152055e-001
 -9.4967679e-001 -7.6257654e-001
 -9.3907854e-001 -7.6531502e-001
 -9.5115799e-001 -7.5914764e-001
 -9.4100995e-001 -7.6339009e-001
 -9.4433440e-001 -7.6894410e-001
 -9.5615920e-001 -7.5162796e-001
 -9.4248835e-001 -7.6498747e-001
 -9.5620354e-001 -7.6368977e-001
 -9.4284072e-001 -7.6118055e-001
 -9.3896055e-001 -7.5488427e-001
 -9.4788246e-001 -7.7416693e-001
 -9.4389172e-001 -7.6089600e-001
 -9.4479777e-001 -7.6846432e-001
  8.6454557e-001 -7.7488690e-001
  8.7569044e-001 -7.7205824e-001
  8.6575007e-001 -7.2968567e-001
  8.7848485e-001 -6.9222995e-001
  8.6596684e-001 -5.8953383e-001
  8.7072341e-001 -5.0581038e-001
  8.6667029e-001 -4.4246230e-001
  8.6474322e-001 -3.4612928e-001
  8.7090213e-001 -2.2443147e-001
  8.6215105e-001 -1.3830541e-001
  8.6274045e-001 -4.6042753e-002
  8.6188589e-001  3.6036156e-002
  8.6621501e-001  1.2761594e-001
  8.7625007e-001  1.9286733e-001
  8.7026850e-001  2.8305598e-001
  8.7732687e-001  3.2477513e-001
  8.7960709e-001  4.0511067e-001
  8.6653039e-001  4.7317577e-001
  8.6438968e-001  5.0966767e-001
  8.7036182e-001  5.7166890e-001
  8.6705746e-001  6.1201369e-001
  8.7718688e-001  6.7106182e-001
  8.6519776e-001  7.0428735e-001
  8.7687176e-001  7.5168863e-001
  8.7165337e-001  7.8148971e-001
  8.7438545e-001  7.9568625e-001
  8.6686782e-001  8.0168217e-001
  8.6018282e-001  8.3832132e-001
  8.6384627e-001  8.4997046e-001
  8.7014510e-001  9.0141184e-001
  8.6048218e-001  8.9932658e-001
  8.7099817e-001  9.2910070e-001
  8.6552102e-001  9.3321697e-001
  8.7392217e-001  9.3810620e-001
  8.7762440e-001  9.3414785e-001
  8.6049097e-001  9.7876927e-001
  8.6682147e-001  9.7353660e-001
  8.6842546e-001  9.6270996e-001
  8.6159757e-001  9.7930053e-001
  8.6158442e-001  1.0048076e+000
  8.6144487e-001  9.9653414e-001
  8.7800416e-001  1.0015825e+000
  8.7938351e-001  1.0018555e+000
  8.6782348e-001  9.9534700e-001
  8.6626904e-001  1.0013760e+000
  8.7106361e-001  1.0058373e+000
  8.7583830e-001  1.0182976e+000
  8.7596362e-001  1.0218909e+000
  8.7726251e-001  1.0182127e+000
  8.7595659e-001  1.0397030e+000
  8.6012487e-001  1.0173365e+000
  8.7839537e-001  1.0325866e+000
  8.6035659e-001  1.0194435e+000
  8.6058567e-001  1.0192490e+000
  8.7422638e-001  1.0243804e+000
  8.7076563e-001  1.0431863e+000
  8.7048911e-001  1.0332989e+000
  8.7004214e-001  1.0360443e+000
  8.6131079e-001  1.0223056e+000
  8.6459815e-001  1.0176836e+000
  8.6233815e-001  1.0398734e+000
  8.7979276e-001  1.0537184e+000
  8.6140767e-001  1.0189569e+000
  8.6119782e-001  1.0227336e+000
  8.7322888e-001  1.0158862e+000
  8.6687850e-001  1.0493003e+000
  8.6256761e-001  1.0352487e+000
  8.7274006e-001  1.0349361e+000
  8.7492711e-001  1.0527130e+000
 -2.4959937e-002  1.0332122e+000
 -3.5684741e-002  1.0384285e+000
 -3.2385688e-002  1.0259557e+000
 -3.3029154e-002  9.6871989e-001
 -2.8902437e-002  9.4374886e-001
 -2.5663534e-002  8.9410470e-001
 -2.2242804e-002  8.5607258e-001
 -3.8435988e-002  7.9152891e-001
 -3.5950829e-002  7.1617483e-001
 -3.3499067e-002  6.8082686e-001
 -2.1190569e-002  6.0958485e-001
 -3.4246258e-002  5.6744436e-001
 -2.3074241e-002  5.2366354e-001
 -3.6315651e-002  4.9095581e-001
 -3.6665262e-002  4.3873515e-001
 -2.1243755e-002  4.0321907e-001
 -2.2043182e-002  3.3900718e-001
 -2.8300948e-002  3.2007514e-001
 -3.0982666e-002  3.0293178e-001
 -3.3902916e-002  2.4184083e-001
 -2.5696241e-002  2.3589786e-001
 -2.5378026e-002  1.8915238e-001
 -4.0486921e-002  1.7998507e-001
 -4.0016459e-002  1.7171835e-001
 -3.4596904e-002  1.2881499e-001
 -2.5071551e-002  1.4054083e-001
 -2.8460688e-002  1.1861741e-001
 -2.1409330e-002  1.1547134e-001
 -3.7900289e-002  9.2218145e-002
 -2.8731759e-002  7.2959104e-002
 -3.4890939e-002  7.2427133e-002
 -3.9363713e-002  5.7261835e-002
 -2.3528692e-002  3.3527506e-002
 -2.9251255e-002  4.8187707e-002
 -3.5002821e-002  5.4372665e-002
 -3.7703881e-002  2.9760212e-002
 -3.4267748e-002  2.9767971e-002
 -3.9716361e-002  2.4811612e-002
 -2.7995486e-002  6.1491644e-003
 -3.6179572e-002  2.0301472e-002
 -2.5906919e-002 -3.3551986e-003
 -3.5084999e-002  1.8523031e-002
 -3.2688981e-002 -6.4404009e-003
 -3.9948639e-002 -1.0432424e-002
 -4.0448157e-002  9.8482626e-003
 -3.7333676e-002 -1.0695540e-002
 -3.5647170e-002 -1.5994837e-002
 -3.9740417e-002  1.1402339e-003
 -3.4395409e-002 -1.5088768e-002
 -4.0067172e-002 -1.5687292e-002
 -3.9039113e-002  6.5874344e-003
 -3.9627888e-002 -1.2125573e-002
 -2.2975023e-002 -2.4593830e-002
 -3.4829327e-002 -2.1690288e-002
 -2.9229905e-002 -1.5511897e-002
 -3.3512781e-002  4.4248687e-003
 -2.2034007e-002 -7.0268161e-003
 -2.6217380e-002 -2.1100484e-002
 -2.3323416e-002 -1.7447722e-002
 -2.9087360e-002  3.3990681e-003
 -2.7272686e-002  3.6382349e-003
 -3.3242953e-002 -1.4712408e-002
 -3.6599810e-002 -2.2094811e-002
 -3.8440083e-002 -1.0888877e-002
 -3.7615717e-002 -2.6057469e-002
 -2.2293325e-002  1.0269366e-003
 -4.0375644e-002 -2.4214139e-002
 -2.3474143e-002 -2.6885342e-002
 -3.0618734e-002 -3.2643174e-002
  5.9573607e-001 -2.0905188e-002
  5.8852271e-001 -1.1675409e-002
  5.8650190e-001  5.7320111e-003
  5.9471413e-001  1.6469501e-002
  5.8677538e-001  3.0534066e-004
  5.9070325e-001  3.1560773e-002
  5.9734554e-001  5.5193276e-002
  5.9637440e-001  7.3727257e-002
  5.8445166e-001  7.6532569e-002
  5.8828348e-001  1.1912887e-001
  5.9614218e-001  1.3665961e-001
  5.8262518e-001  1.4386780e-001
  5.9473020e-001  1.6685681e-001
  5.9710129e-001  1.7145064e-001
  5.8961359e-001  1.9351399e-001
  5.9097645e-001  2.2648100e-001
  5.9660076e-001  2.1090079e-001
  5.9926397e-001  2.3271232e-001
  5.9537539e-001  2.7324021e-001
  5.8658478e-001  2.6178000e-001
  5.8960921e-001  2.5963018e-001
  5.8467536e-001  2.9774075e-001
  5.8976855e-001  2.7153019e-001
  5.8114352e-001  2.8216505e-001
  5.8068910e-001  2.9412607e-001
  5.9227088e-001  3.2041947e-001
  5.9190919e-001  3.3132865e-001
  5.8120059e-001  3.0916850e-001
  5.9176153e-001  3.3151642e-001
  5.9046453e-001  3.4124896e-001
  5.9668955e-001  3.4996814e-001
  5.9242491e-001  3.5013450e-001
  5.8500377e-001  3.3373415e-001
  5.8170613e-001  3.5798950e-001
  5.8078139e-001  3.4024565e-001
  5.9200878e-001  3.3128859e-001
  5.9355252e-001  3.3898164e-001
  5.8506992e-001  3.5543958e-001
  5.8801050e-001  3.6698907e-001
  5.8688757e-001  3.6879749e-001
  5.8121429e-001  3.5600007e-001
  5.8096651e-001  3.7100110e-001
  5.8198891e-001  3.5010415e-001
  5.9312818e-001  3.3638191e-001
  5.8394984e-001  3.4720151e-001
  5.8431672e-001  3.3735433e-001
  5.7974381e-001  3.7121459e-001
  5.9411334e-001  3.5443009e-001
  5.9079180e-001  3.4127855e-001
  5.9061057e-001  3.4346589e-001
  5.9441619e-001  3.4797668e-001
  5.9606378e-001  3.4752237e-001
  5.8743901e-001  3.7358077e-001
  5.8228999e-001  3.6967634e-001
  5.8348598e-001  3.5310840e-001
  5.9397710e-001  3.5489716e-001
  5.9296382e-001  3.6346505e-001
  5.8076811e-001  3.6122059e-001
  5.8725665e-001  3.5328634e-001
  5.8939584e-001  3.7424475e-001
  5.9505435e-001  3.5078325e-001
  5.8252734e-001  3.7760338e-001
  5.8928180e-001  3.5591704e-001
  5.8100782e-001  3.6771500e-001
  5.9531999e-001  3.5145338e-001
  5.8744576e-001  3.4162472e-001
  5.8429435e-001  3.7817804e-001
  5.8118247e-001  3.6195384e-001
  5.8115121e-001  3.6747853e-001
 -7.7780747e-002  3.6496522e-001
 -9.2235013e-002  3.7072714e-001
 -7.7197708e-002  3.7276013e-001
 -8.9534479e-002  3.5014735e-001
 -7.7129990e-002  3.3912807e-001
 -8.9466398e-002  3.2578898e-001
 -9.5060863e-002  2.9622205e-001
 -8.4079855e-002  2.5061187e-001
 -8.5217052e-002  2.3652403e-001
 -7.8200319e-002  2.0353642e-001
 -9.2304813e-002  2.0961540e-001
 -8.0575449e-002  2.0040044e-001
 -8.9374938e-002  1.7235843e-001
 -7.6886303e-002  1.5484695e-001
 -7.9608271e-002  1.1563505e-001
 -8.2093210e-002  1.0725973e-001
 -9.2031330e-002  1.0153992e-001
 -9.6020367e-002  8.3559482e-002
 -9.2128446e-002  8.6180392e-002
 -8.5599952e-002  7.4135575e-002
 -9.4160158e-002  4.4126840e-002
 -7.9254086e-002  4.0195316e-002
 -7.8112297e-002  4.0095215e-002
 -8.9654815e-002  2.9145535e-002
 -8.6946455e-002  3.6439316e-003
 -9.6271383e-002 -7.3444611e-003
 -9.0111155e-002 -8.8916157e-003
 -8.6624875e-002 -1.0168102e-002
 -9.1086012e-002 -5.8174448e-003
 -8.2667083e-002 -6.6123033e-003
 -7.8105605e-002  7.8414876e-003
 -8.4919287e-002 -6.4707046e-003
 -9.1023760e-002  1.0003206e-003
 -7.7759884e-002 -3.8770794e-002
 -9.5044425e-002 -1.7875830e-002
 -8.3803286e-002 -7.1067337e-003
 -7.7363746e-002 -3.6663068e-002
 -8.6001452e-002 -1.1212145e-002
 -7.7195248e-002 -1.4639513e-002
 -9.0888895e-002 -4.4314869e-002
 -8.5789519e-002 -2.3963780e-002
 -7.8105471e-002 -4.7413459e-002
 -9.2035616e-002 -5.1167711e-002
 -7.9793614e-002 -4.3666586e-002
 -9.3562765e-002 -4.3042110e-002
 -8.7574291e-002 -4.1710217e-002
 -7.8823666e-002 -4.6911655e-002
 -8.2243074e-002 -4.6243570e-002
 -8.6388876e-002 -3.0540089e-002
 -8.4137383e-002 -2.1902887e-002
 -9.4772752e-002 -5.6546907e-002
 -9.1500666e-002 -4.9204351e-002
 -9.5813637e-002 -3.6828961e-002
 -7.9399781e-002 -2.7794123e-002
 -9.6032064e-002 -2.9871942e-002
 -8.5321002e-002 -3.9068754e-002
 -9.3935897e-002 -6.0084224e-002
 -8.4570337e-002 -3.4916762e-002
 -8.3885101e-002 -2.7870188e-002
 -8.1388966e-002 -5.9333079e-002
 -9.0130758e-002 -4.7628673e-002
 -7.7999238e-002 -5.1832239e-002
 -8.0684000e-002 -4.4934238e-002
 -9.4308384e-002 -5.0069193e-002
 -9.0707229e-002 -2.3713682e-002
 -7.8179214e-002 -5.7237393e-002
 -9.4107577e-002 -5.3787938e-002
 -8.0532930e-002 -2.6794293e-002
 -9.4283729e-002 -3.7701153e-002
 -6.2226004e-003 -4.6677571e-002
 -8.3403697e-003 -4.8391029e-002
 -6.1195188e-003 -3.6127487e-002
 -2.9418496e-003 -3.1528024e-002
 -1.8043790e-002 -3.0094317e-002
 -2.1173043e-002 -1.9309692e-002
 -4.9086998e-003 -5.3926451e-002
 -1.2117606e-002 -3.6841700e-002
 -1.9408553e-002 -5.1484464e-002
 -1.9800391e-002 -2.1740287e-002
 -1.9278886e-002 -1.6752741e-002
 -1.8222021e-002 -2.3561224e-002
 -2.1312714e-003 -4.3475008e-002
 -1.5861405e-002 -4.2451648e-002
 -9.6010001e-003 -1.6439020e-003
 -4.5372884e-003 -3.1688724e-002
 -1.6685788e-002 -5.4765222e-003
 -7.0381102e-003 -2.2729106e-002
 -1.3565664e-002 -1.7572477e-002
 -1.5369467e-002 -3.0570521e-002
 -8.5054961e-003 -2.7610253e-003
 -1.3744974e-002 -1.4997156e-002
 -1.9194758e-002 -2.0453039e-002
 -2.0107150e-003 -1.7276731e-002
 -1.1216442e-002 -1.1658876e-002
 -1.1426105e-002 -1.3113591e-002
 -1.5081041e-002 -1.8735703e-003
 -1.7636043e-002 -2.3404925e-003
 -4.3236206e-003 -2.8633216e-002
 -1.6224112e-002 -2.5357307e-002
 -1.0807862e-002 -9.7406103e-003
 -1.0552167e-002  3.2507720e-003
 -2.3163387e-003  5.1020815e-003
 -1.6189968e-002 -2.0603884e-003
 -1.6267123e-002 -1.2495035e-002
 -1.5381682e-002  8.6115925e-003
 -1.0435525e-002 -1.6671180e-002
 -1.4017692e-002 -2.3902877e-002
 -1.6666177e-002  2.6815559e-003
 -8.0578958e-003  4.3949008e-003
 -1.6355592e-002  9.7694994e-003
 -2.3517530e-003  4.6104199e-003
 -1.1629944e-002  1.1902464e-002
 -1.3026032e-002 -4.4638298e-003
 -1.0225637e-002  1.2568858e-002
 -9.3207090e-003  1.3367985e-002
 -5.4416131e-003 -4.8198088e-003
 -3.9658098e-003  8.1600044e-003
 -1.8381912e-002  1.0310459e-002
 -1.9797940e-002  1.1677351e-002
 -1.5318786e-002 -7.2318502e-003
 -9.4344233e-003  4.8594464e-003
 -1.4006710e-002  1.2071736e-002
 -3.0706229e-003  6.9717423e-003
 -2.0441208e-002  1.1780449e-002
 -1.7011599e-003 -7.5383224e-003
 -8.2423167e-003  7.9552789e-003
 -9.2384790e-003  1.4125615e-002
 -1.8623763e-002 -1.0587216e-002
 -2.1001555e-002 -1.8530779e-002
 -1.0132072e-002  7.5751634e-003
 -2.0981847e-002 -1.8603319e-003
 -7.3507986e-003  1.3129633e-002
 -1.7300711e-002 -5.7627865e-003
 -1.6477739e-002 -1.5180987e-002
 -2.4096181e-003  1.8124104e-003
 -1.7943667e-002  1.1267827e-002
 -5.6123463e-003 -6.2470067e-004
 -2.0780625e-002 -1.2404084e-002
 -1.5238891e-001 -5.6803337e-003
 -1.3923025e-001 -8.9997583e-003
 -1.5323229e-001 -2.3262828e-002
 -1.5613458e-001 -5.2348192e-003
 -1.4642454e-001  3.2678159e-003
 -1.4566505e-001 -1.3201997e-002
 -1.4108360e-001 -2.7081950e-002
 -1.4062551e-001 -7.0541272e-003
 -1.5750854e-001 -1.5077091e-002
 -1.4338183e-001 -1.9692733e-002
 -1.4139402e-001 -3.0543927e-002
 -1.4893763e-001 -3.5849948e-002
 -1.5707017e-001 -4.9615708e-002
 -1.5675767e-001 -4.2972890e-002
 -1.5456778e-001 -2.8280126e-002
 -1.4300636e-001 -5.1485272e-002
 -1.5042650e-001 -4.6093842e-002
 -1.4203126e-001 -5.6745458e-002
 -1.5561274e-001 -4.8351446e-002
 -1.4391380e-001 -7.1834661e-002
 -1.5557426e-001 -7.2254092e-002
 -1.4180349e-001 -8.0015078e-002
 -1.4766476e-001 -5.7160729e-002
 -1.3934873e-001 -5.2711288e-002
 -1.5706219e-001 -5.6678738e-002
 -1.3989543e-001 -5.9701248e-002
 -1.5138361e-001 -8.6294822e-002
 -1.5723349e-001 -7.0596959e-002
 -1.3925343e-001 -5.8427451e-002
 -1.4558304e-001 -5.9322054e-002
 -1.5015976e-001 -7.8651478e-002
 -1.4664328e-001 -8.3500658e-002
 -1.5163033e-001 -8.9930526e-002
 -1.5421956e-001 -6.7788154e-002
 -1.5781527e-001 -7.3683682e-002
 -1.5550359e-001 -9.5948983e-002
 -1.5110445e-001 -8.0002840e-002
 -1.4103579e-001 -7.9397036e-002
 -1.4974913e-001 -6.5870438e-002
 -1.4581670e-001 -6.4297093e-002
 -1.5081596e-001 -7.4137134e-002
 -1.4182817e-001 -9.2238025e-002
 -1.4324575e-001 -7.4365879e-002
 -1.5606041e-001 -6.9208335e-002
 -1.5671887e-001 -8.1260806e-002
 -1.4536573e-001 -9.0088566e-002
 -1.5101869e-001 -8.8015078e-002
 -1.5641625e-001 -5.9000812e-002
 -1.4609588e-001 -7.9584509e-002
 -1.4614008e-001 -6.5781481e-002
 -1.4033955e-001 -7.4829898e-002
 -1.4644946e-001 -6.6305906e-002
 -1.4886518e-001 -6.0850908e-002
 -1.4703728e-001 -7.3104746e-002
 -1.3893007e-001 -7.4055612e-002
 -1.4820073e-001 -7.3335776e-002
 -1.5159806e-001 -9.6745508e-002
 -1.3891461e-001 -6.1731701e-002
 -1.3873189e-001 -6.3336288e-002
 -1.4064895e-001 -7.1512988e-002
 -1.4374049e-001 -8.6910888e-002
 -1.4527736e-001 -8.5602768e-002
 -1.4390484e-001 -9.6310817e-002
 -1.4985377e-001 -7.8580103e-002
 -1.5057945e-001 -7.5034470e-002
 -1.5421427e-001 -7.0309728e-002
 -1.4093950e-001 -9.9402482e-002
 -1.3973070e-001 -9.2622996e-002
 -1.3959300e-001 -8.0889238e-002
  7.7567317e-001 -8.4953164e-002
  7.7470382e-001 -6.1350238e-002
  7.7681879e-001 -4.7196558e-002
  7.8409379e-001 -2.0264278e-002
  7.7493927e-001 -1.6679147e-002
  7.7374723e-001  2.0304662e-002
  7.7537791e-001  7.8858724e-002
  7.8569301e-001  1.2343622e-001
  7.7466602e-001  1.7185874e-001
  7.8670632e-001  1.9990028e-001
  7.8506071e-001  2.4606285e-001
  7.7502102e-001  2.8482956e-001
  7.7837570e-001  3.1562943e-001
  7.8056821e-001  3.5091693e-001
  7.7607908e-001  4.0409746e-001
  7.8833248e-001  4.2722751e-001
  7.8245791e-001  4.8428701e-001
  7.7389654e-001  5.0130222e-001
  7.8717848e-001  5.2082275e-001
  7.9116097e-001  5.5009752e-001
  7.7634073e-001  5.8193943e-001
  7.8976139e-001  5.7954112e-001
  7.7860150e-001  6.1680361e-001
  7.7403202e-001  6.3235668e-001
  7.8415878e-001  6.4453529e-001
  7.9224140e-001  6.2630514e-001
  7.8893088e-001  6.5073096e-001
  7.8163936e-001  6.5898321e-001
  7.8790053e-001  6.8203396e-001
  7.8317076e-001  6.7105059e-001
  7.8236783e-001  6.8840721e-001
  7.9239153e-001  7.1506964e-001
  7.8511988e-001  6.9678985e-001
  7.8921650e-001  6.9359781e-001
  7.8784045e-001  7.3743716e-001
  7.7638763e-001  7.2616867e-001
  7.8740268e-001  7.1575074e-001
  7.8141729e-001  7.2709607e-001
  7.7609967e-001  7.4216733e-001
  7.8636240e-001  7.3792892e-001
  7.8349448e-001  7.3567571e-001
  7.7482376e-001  7.4453661e-001
  7.8401505e-001  7.2963750e-001
  7.7983511e-001  7.5652818e-001
  7.9064215e-001  7.5851893e-001
  7.7372461e-001  7.4664817e-001
  7.7759602e-001  7.5860458e-001
  7.9115640e-001  7.4568034e-001
  7.7790530e-001  7.5950995e-001
  7.7989810e-001  7.3750919e-001
  7.8042358e-001  7.5247864e-001
  7.8954586e-001  7.5951597e-001
  7.8496600e-001  7.3949828e-001
  7.8980908e-001  7.3643447e-001
  7.7526790e-001  7.4788112e-001
  7.7738706e-001  7.5264967e-001
  7.8613434e-001  7.6548494e-001
  7.7482158e-001  7.4072466e-001
  7.8840356e-001  7.7185023e-001
  7.8561226e-001  7.4485621e-001
  7.8951320e-001  7.5140797e-001
  7.7675621e-001  7.5337321e-001
  7.8830293e-001  7.7554427e-001
  7.8868510e-001  7.4387081e-001
  7.9117053e-001  7.7221646e-001
  7.8212915e-001  7.5909493e-001
  7.7729397e-001  7.5000942e-001
  7.7960494e-001  7.7323620e-001
  7.7995945e-001  7.5900847e-001
  7.4741037e-001  7.5591149e-001
  7.4580794e-001  7.6977825e-001
  7.5108224e-001  7.5028996e-001
  7.5734677e-001  7.7187491e-001
  7.4430832e-001  7.5156814e-001
  7.4346223e-001  7.5587004e-001
  7.5698732e-001  7.4765103e-001
  7.5709457e-001  7.2383515e-001
  7.4476906e-001  7.4413814e-001
  7.4009975e-001  7.4054382e-001
  7.5418780e-001  7.0287848e-001
  7.4118514e-001  7.2125240e-001
  7.4779988e-001  7.0329474e-001
  7.4737362e-001  7.1814670e-001
  7.5067028e-001  7.0395817e-001
  7.4111065e-001  7.1255915e-001
  7.5055112e-001  6.9851937e-001
  7.4121275e-001  6.9836930e-001
  7.4087697e-001  6.8044134e-001
  7.4739171e-001  6.8360518e-001
  7.4399223e-001  6.7855946e-001
  7.5745238e-001  6.9856805e-001
  7.4890310e-001  7.0147941e-001
  7.4747608e-001  6.8568649e-001
  7.4474200e-001  6.9481057e-001
  7.4796219e-001  6.9688824e-001
  7.5415910e-001  6.8220644e-001
  7.4194650e-001  6.8708563e-001
  7.3901926e-001  6.7025266e-001
  7.5274482e-001  6.7238564e-001
  7.5067323e-001  6.5477884e-001
  7.4684384e-001  6.8356189e-001
  7.5686564e-001  6.6479023e-001
  7.4811386e-001  6.8409417e-001
  7.5689467e-001  6.8923752e-001
  7.4850838e-001  6.6843966e-001
  7.5712130e-001  6.6287629e-001
  7.5264326e-001  6.5039967e-001
  7.5246309e-001  6.8443418e-001
  7.3866211e-001  6.7575482e-001
  7.4937463e-001  6.6479902e-001
  7.4682965e-001  6.8575064e-001
  7.5113284e-001  6.7575740e-001
  7.4944095e-001  6.7287973e-001
  7.4289020e-001  6.6702355e-001
  7.4961234e-001  6.8135970e-001
  7.5582522e-001  6.4854670e-001
  7.3866903e-001  6.6487673e-001
  7.4107192e-001  6.5835006e-001
  7.5407165e-001  6.5360124e-001
  7.3897797e-001  6.5177060e-001
  7.4142290e-001  6.8171027e-001
  7.4497845e-001  6.4841327e-001
  7.5666524e-001  6.8386361e-001
  7.5085335e-001  6.7347166e-001
  7.3888820e-001  6.4591046e-001
  7.4479813e-001  6.4558464e-001
  7.4242568e-001  6.7948517e-001
  7.4407960e-001  6.6401331e-001
  7.3910444e-001  6.7876254e-001
  7.5518304e-001  6.5409406e-001
  7.5385580e-001  6.7748567e-001
  7.5299338e-001  6.5517118e-001
  7.5502459e-001  6.8514192e-001
  7.5386112e-001  6.8271195e-001
  7.4098158e-001  6.6734109e-001
  7.4625687e-001  6.8167909e-001
  7.3912870e-001  6.7058054e-001
  7.3859633e-001  6.7635573e-001
  2.5644070e-001  6.6783266e-001
  2.5965642e-001  6.5280739e-001
  2.5930945e-001  6.7136996e-001
  2.6661062e-001  6.3836886e-001
  2.6467839e-001  6.3520156e-001
  2.6817699e-001  5.8431593e-001
  2.6184036e-001  5.4929645e-001
  2.6815728e-001  5.4096875e-001
  2.6800354e-001  4.9471740e-001
  2.5873255e-001  4.5758834e-001
  2.5787261e-001  4.5987961e-001
  2.5694206e-001  4.2457927e-001
  2.5966411e-001  4.0826157e-001
  2.6678416e-001  3.6260031e-001
  2.7312811e-001  3.5531213e-001
  2.6242898e-001  3.3319727e-001
  2.6012395e-001  2.9529504e-001
  2.5760313e-001  2.9883089e-001
  2.7522094e-001  2.5668568e-001
  2.6119606e-001  2.3604010e-001
  2.6880882e-001  2.3330128e-001
  2.6043421e-001  2.1166774e-001
  2.6113560e-001  1.9010045e-001
  2.7116899e-001  2.0380408e-001
  2.5942082e-001  1.9582341e-001
  2.7276418e-001  1.8690983e-001
  2.5818045e-001  1.7969960e-001
  2.7589669e-001  1.7928055e-001
  2.6936515e-001  1.4024246e-001
  2.6198303e-001  1.6013337e-001
  2.7364540e-001  1.5049765e-001
  2.5690354e-001  1.5055223e-001
  2.7151951e-001  1.5454817e-001
  2.7422428e-001  1.2562498e-001
  2.6867823e-001  1.1431739e-001
  2.7071565e-001  1.2110406e-001
  2.6557774e-001  1.3743587e-001
  2.7147847e-001  1.2340196e-001
  2.5644358e-001  1.1881046e-001
  2.6017046e-001  1.0616019e-001
  2.5812977e-001  1.0831081e-001
  2.5965939e-001  1.2357535e-001
  2.7514570e-001  1.2754488e-001
  2.7328938e-001  1.2190908e-001
  2.5904640e-001  1.1569211e-001
  2.6951525e-001  1.3145435e-001
  2.5707053e-001  1.0930686e-001
  2.5926400e-001  1.0985491e-001
  2.5999602e-001  1.0042477e-001
  2.6920798e-001  1.1509076e-001
  2.7343180e-001  1.0465554e-001
  2.7336825e-001  9.9917310e-002
  2.6618150e-001  1.1173405e-001
  2.7191829e-001  1.1880781e-001
  2.6179382e-001  1.2568204e-001
  2.7564833e-001  1.1750355e-001
  2.7611133e-001  1.1032171e-001
  2.5798972e-001  1.0406806e-001
  2.6289661e-001  9.2052463e-002
  2.6166671e-001  9.4193548e-002
  2.6061920e-001  1.1360872e-001
  2.7164117e-001  1.2371014e-001
  2.6360183e-001  1.1076521e-001
  2.5938108e-001  1.2089465e-001
  2.5960118e-001  9.3804667e-002
  2.7416802e-001  1.1241519e-001
  2.7521654e-001  9.7605418e-002
  2.6665009e-001  8.5956519e-002
  2.5666821e-001  1.1769637e-001
 -4.1705526e-001  1.0214501e-001
 -4.2299967e-001  8.8344124e-002
 -4.0640442e-001  1.1499678e-001
 -4.2003777e-001  8.0780641e-002
 -4.0756831e-001  7.2514136e-002
 -4.0753754e-001  3.9944417e-002
 -4.0993073e-001  3.6310755e-002
 -4.0726496e-001  3.8543371e-003
 -4.2510777e-001 -1.2751745e-002
 -4.0625560e-001 -3.6915369e-002
 -4.2393632e-001 -6.0076980e-002
 -4.1973871e-001 -8.2405229e-002
 -4.1567903e-001 -8.1148516e-002
 -4.0602994e-001 -1.1997103e-001
 -4.1407911e-001 -1.0777067e-001
 -4.1996197e-001 -1.2480160e-001
 -4.2285971e-001 -1.6518335e-001
 -4.2233753e-001 -1.8054008e-001
 -4.2006514e-001 -1.9164781e-001
 -4.1676359e-001 -2.0310320e-001
 -4.1752331e-001 -2.1369069e-001
 -4.1693644e-001 -2.1553120e-001
 -4.1315359e-001 -2.0816658e-001
 -4.1650527e-001 -2.2427217e-001
 -4.2520091e-001 -2.4823236e-001
 -4.2475596e-001 -2.3002008e-001
 -4.1746597e-001 -2.2865670e-001
 -4.0585237e-001 -2.6731126e-001
 -4.1458600e-001 -2.4379096e-001
 -4.0719363e-001 -2.7255445e-001
 -4.1895819e-001 -2.6917960e-001
 -4.1963104e-001 -2.7633208e-001
 -4.0786190e-001 -2.7488631e-001
 -4.0985849e-001 -2.8185345e-001
 -4.1755313e-001 -2.9340801e-001
 -4.0779486e-001 -2.7267836e-001
 -4.1692800e-001 -2.9947768e-001
 -4.1611381e-001 -2.9513056e-001
 -4.1694275e-001 -2.8473636e-001
 -4.1633717e-001 -2.9504897e-001
 -4.1153288e-001 -2.9049548e-001
 -4.2352981e-001 -2.8447962e-001
 -4.1077217e-001 -3.0735333e-001
 -4.2284102e-001 -2.7470466e-001
 -4.1551080e-001 -2.7659704e-001
 -4.2024820e-001 -3.0819855e-001
 -4.1360804e-001 -3.0510046e-001
 -4.2088901e-001 -3.1218975e-001
 -4.0633902e-001 -2.8959474e-001
 -4.2418118e-001 -2.8529469e-001
 -4.2177643e-001 -2.8361979e-001
 -4.1295653e-001 -3.0574318e-001
 -4.1961326e-001 -2.7594324e-001
 -4.2269763e-001 -2.9546903e-001
 -4.2166271e-001 -3.1257107e-001
 -4.0630903e-001 -3.0813050e-001
 -4.1950911e-001 -3.0191426e-001
 -4.2069732e-001 -2.8038094e-001
 -4.1223822e-001 -3.1402868e-001
 -4.2535546e-001 -3.0164242e-001
 -4.2387801e-001 -2.9033615e-001
 -4.1924969e-001 -2.8294480e-001
 -4.2096196e-001 -3.1435854e-001
 -4.1153559e-001 -2.8458393e-001
 -4.1143674e-001 -3.1423574e-001
 -4.0840507e-001 -3.0448187e-001
 -4.1426018e-001 -3.0550358e-001
 -4.1403473e-001 -2.7989552e-001
 -4.1482297e-001 -2.9225411e-001
 -4.0946559e-001 -2.9641856e-001
 -4.1771640e-001 -2.8707360e-001
 -4.1897569e-001 -3.1210045e-001
 -4.1473614e-001 -2.8126574e-001
 -4.2054252e-001 -2.9553134e-001
 -4.2462116e-001 -3.1656650e-001
 -4.1920453e-001 -3.1034675e-001
 -4.2220021e-001 -3.0644405e-001
 -4.1377879e-001 -3.1545687e-001
 -4.1111019e-001 -2.8980154e-001
 -4.1804264e-001 -3.1602584e-001
 -4.1422209e-001 -2.9722190e-001
 -4.2106183e-001 -2.9805451e-001
 -4.1708236e-001 -3.0619968e-001
 -4.2034849e-001 -2.9377570e-001
 -4.1009992e-001 -3.0594932e-001
 -4.1178009e-001 -2.8069481e-001
 -4.2375710e-001 -3.1729308e-001
 -4.2527802e-001 -2.9499381e-001
 -4.1600059e-001 -3.0286335e-001
 -4.1176421e-001 -3.0278945e-001
 -4.0992865e-001 -3.1682597e-001
 -4.1223006e-001 -2.9021082e-001
 -4.0889087e-001 -2.9554284e-001
 -4.2338625e-001 -2.8713015e-001
 -4.2261852e-001 -2.8611406e-001
 -4.0900409e-001 -3.0792323e-001
 -4.1740414e-001 -3.0980964e-001
 -4.2290232e-001 -3.0313894e-001
 -4.1214567e-001 -2.8904673e-001
 -4.0897227e-001 -3.1282677e-001
 -4.1068309e-001 -3.0065611e-001
 -4.0978387e-001 -3.1720716e-001
 -4.1588239e-001 -3.1502891e-001
 -4.2245154e-001 -2.8946499e-001
 -4.1603441e-001 -2.8576603e-001
 -4.0977727e-001 -2.8148206e-001
 -4.2233651e-001 -2.8141030e-001
 -4.1230880e-001 -2.9271855e-001
 -4.0938995e-001 -3.1264447e-001
 -4.1721803e-001 -3.1542252e-001
 -4.1743324e-001 -2.8680957e-001
 -4.0779275e-001 -2.8822830e-001
 -4.1407647e-001 -2.9287975e-001
 -4.1051559e-001 -2.8875539e-001
 -4.1861252e-001 -3.0980075e-001
 -4.2021543e-001 -2.8612337e-001
 -4.1906720e-001 -2.7894195e-001
 -4.1226393e-001 -3.0112047e-001
 -4.2278204e-001 -3.0809869e-001
 -4.1684358e-001 -2.9872377e-001
 -4.2422790e-001 -2.9117075e-001
 -4.2384492e-001 -2.8383550e-001
 -4.0769941e-001 -2.8011841e-001
 -4.1402445e-001 -3.1278272e-001
 -4.1787021e-001 -2.9006681e-001
 -4.1248809e-001 -3.1472979e-001
 -4.1605039e-001 -3.1379113e-001
 -4.1359478e-001 -3.1268612e-001
 -4.1107963e-001 -2.9733221e-001
 -4.1428296e-001 -2.9866351e-001
 -4.1660157e-001 -3.0009971e-001
 -4.1693587e-001 -2.8600822e-001
 -4.2444033e-001 -2.9677799e-001
 -4.0831232e-001 -2.9118197e-001
 -4.1799095e-001 -2.9860239e-001
 -4.1810335e-001 -3.0462857e-001
 -4.2605760e-001 -3.0758412e-001
 -4.1643479e-001 -2.7898820e-001
 -4.9972586e-001 -3.0736200e-001
 -5.1349291e-001 -2.8633887e-001
 -5.0413168e-001 -2.9973178e-001
 -5.1666386e-001 -3.0968964e-001
 -5.0361330e-001 -3.0164573e-001
 -5.0368552e-001 -3.3038192e-001
 -5.0818459e-001 -3.3286163e-001
 -5.1561355e-001 -3.0348543e-001
 -5.0039750e-001 -3.0899932e-001
 -5.1483574e-001 -3.1689426e-001
 -5.1860470e-001 -3.1839378e-001
 -5.0696769e-001 -3.3238040e-001
 -5.0685249e-001 -3.3285374e-001
 -5.0962281e-001 -3.4033793e-001
 -5.0707364e-001 -3.6402428e-001
 -5.0453074e-001 -3.5751635e-001
 -5.1083770e-001 -3.4742945e-001
 -5.0704764e-001 -3.8202554e-001
 -5.1048572e-001 -3.6274975e-001
 -5.1656308e-001 -3.7027656e-001
 -5.1200085e-001 -3.8767893e-001
 -5.0806500e-001 -3.7453482e-001
 -5.1645793e-001 -3.6062929e-001
 -5.1736998e-001 -3.7129852e-001
 -5.1321077e-001 -3.6801029e-001
 -5.0546359e-001 -3.6173658e-001
 -5.0985907e-001 -3.8749320e-001
 -5.0901561e-001 -3.7187709e-001
 -5.1783035e-001 -3.6789107e-001
 -5.1752779e-001 -3.8645567e-001
 -5.1224238e-001 -3.8380471e-001
 -5.1227849e-001 -3.7934992e-001
 -4.9930072e-001 -3.8740284e-001
 -5.0396663e-001 -3.9946406e-001
 -5.0606929e-001 -3.9832167e-001
 -5.0134261e-001 -3.9138893e-001
 -5.0876211e-001 -4.0770657e-001
 -5.1147586e-001 -3.7869374e-001
 -5.0132467e-001 -4.0659418e-001
 -5.1408468e-001 -3.9213107e-001
 -5.1571985e-001 -3.8797148e-001
 -5.0582784e-001 -3.8552951e-001
 -5.1388755e-001 -3.9271080e-001
 -5.1584785e-001 -4.0711707e-001
 -5.1346780e-001 -3.9917880e-001
 -5.1302574e-001 -4.0776536e-001
 -5.1888183e-001 -3.8163490e-001
 -5.1442687e-001 -3.9710276e-001
 -5.0559756e-001 -3.8497923e-001
 -4.9936660e-001 -3.9189432e-001
 -5.1387694e-001 -3.9594692e-001
 -5.0661646e-001 -3.9825141e-001
 -4.9956332e-001 -4.0727265e-001
 -5.0915649e-001 -3.9663738e-001
 -5.1297937e-001 -3.9640894e-001
 -5.0705797e-001 -3.9228128e-001
 -5.0813226e-001 -3.7976962e-001
 -5.1640450e-001 -3.8397505e-001
 -5.0795553e-001 -3.7767134e-001
 -5.1601863e-001 -3.9120002e-001
 -5.1382893e-001 -3.7751504e-001
 -5.0842567e-001 -3.9312082e-001
 -5.0273238e-001 -4.0116405e-001
 -5.0462923e-001 -3.8659583e-001
 -5.0898353e-001 -3.8928101e-001
 -5.0112029e-001 -3.9015750e-001
 -4.9998558e-001 -3.9608309e-001
 -5.0975280e-001 -3.9500745e-001
 -5.1324797e-001 -4.0635022e-001
  4.1722318e-001 -4.0015606e-001
  4.0862240e-001 -4.1155735e-001
  4.1624244e-001 -3.6433512e-001
  4.0296060e-001 -3.5958732e-001
  4.0098387e-001 -3.2530535e-001
  4.0118215e-001 -3.1760828e-001
  4.1017790e-001 -2.8970046e-001
  4.0802329e-001 -2.5368314e-001
  4.0617661e-001 -2.2180602e-001
  4.1378814e-001 -1.9552248e-001
  4.0780788e-001 -1.6316209e-001
  4.1281641e-001 -1.5330423e-001
  4.1728600e-001 -1.0143772e-001
  4.1510515e-001 -8.0605944e-002
  3.9949279e-001 -6.8908158e-002
  4.1801961e-001 -4.8333694e-002
  4.1645521e-001 -2.9337518e-002
  4.1147132e-001 -1.5351052e-002
  3.9891492e-001  9.5118960e-003
  4.1824101e-001  4.5489130e-002
  4.0640641e-001  3.6173763e-002
  4.0668902e-001  4.2976448e-002
  4.0890160e-001  7.2167949e-002
  4.0972845e-001  6.8316591e-002
  4.1787371e-001  8.9549429e-002
  4.1580387e-001  8.6150140e-002
  4.0822995e-001  1.1950097e-001
  4.1625215e-001  1.1174457e-001
  4.0649340e-001  1.2733898e-001
  3.9967909e-001  1.3683279e-001
  4.0484454e-001  1.4210851e-001
  4.0510003e-001  1.4884625e-001
  4.0792175e-001  1.3715942e-001
  4.0845851e-001  1.3238501e-001
  4.1283067e-001  1.5774729e-001
  4.0604178e-001  1.4614332e-001
  4.1752463e-001  1.7400164e-001
  4.0405959e-001  1.5269111e-001
  4.1360375e-001  1.7146503e-001
  4.1687731e-001  1.5802051e-001
  4.1038689e-001  1.6113123e-001
  4.1682591e-001  1.7176889e-001
  3.9982950e-001  1.8565017e-001
  4.0983057e-001  1.6123909e-001
  3.9875507e-001  1.8973001e-001
  4.0175897e-001  1.8224380e-001
  4.0684567e-001  1.5372262e-001
  4.0336476e-001  1.8832691e-001
  4.0940212e-001  1.8278793e-001
  4.0492796e-001  1.7805378e-001
  4.1286853e-001  1.6958890e-001
  4.1043705e-001  1.6985588e-001
  4.0347967e-001  1.6004710e-001
  3.9997702e-001  1.7564915e-001
  3.9876322e-001  1.8392566e-001
  4.0247730e-001  1.8079992e-001
  4.0851991e-001  1.7425683e-001
  4.1102522e-001  1.9578204e-001
  4.0115136e-001  1.7301101e-001
  4.0135647e-001  1.9667094e-001
  4.0497946e-001  1.6011981e-001
  4.0045294e-001  1.7669331e-001
  4.0687171e-001  1.8719655e-001
  4.0434222e-001  1.8739263e-001
  4.1130765e-001  1.7977194e-001
  4.0309095e-001  1.8393647e-001
  4.1178092e-001  1.8937327e-001
  4.0256521e-001  1.9163920e-001
  4.0058784e-001  1.7310653e-001
  5.5759095e-001  1.8225036e-001
  5.5038854e-001  1.9394055e-001
  5.4757657e-001  1.8562826e-001
  5.4143269e-001  1.8639850e-001
  5.5027863e-001  2.0539764e-001
  5.4144936e-001  2.0459970e-001
  5.4394419e-001  1.8797855e-001
  5.4199683e-001  2.1053231e-001
  5.4578855e-001  1.9801839e-001
  5.4615259e-001  2.2168390e-001
  5.5779888e-001  2.4682178e-001
  5.5699008e-001  2.1863032e-001
  5.5502464e-001  2.6066242e-001
  5.4071315e-001  2.3575078e-001
  5.4761969e-001  2.4866337e-001
  5.4715823e-001  2.4705090e-001
  5.4748236e-001  2.4728235e-001
  5.5870283e-001  2.6503615e-001
  5.4398165e-001  2.6275784e-001
  5.4139527e-001  2.5929444e-001
  5.5522433e-001  2.7851413e-001
  5.4012000e-001  2.7112637e-001
  5.5842287e-001  2.7828591e-001
  5.5525663e-001  2.8911719e-001
  5.5843566e-001  2.9096085e-001
  5.5453872e-001  2.8792537e-001
  5.5138839e-001  2.8833284e-001
  5.5900458e-001  2.8979669e-001
  5.5047487e-001  2.8729108e-001
  5.4914151e-001  2.8459950e-001
  5.4428457e-001  2.8369842e-001
  5.4314297e-001  2.8031447e-001
  5.4907844e-001  3.1077771e-001
  5.5344143e-001  3.0171810e-001
  5.5897612e-001  3.1117832e-001
  5.4591614e-001  3.1342938e-001
  5.4362705e-001  2.9436046e-001
  5.4612935e-001  2.9189780e-001
  5.4105587e-001  2.8720942e-001
  5.5185577e-001  3.0209531e-001
  5.4678751e-001  3.1355504e-001
  5.5697100e-001  3.2490782e-001
  5.4775429e-001  3.0818573e-001
  5.5703923e-001  2.8814781e-001
  5.4370834e-001  3.0992402e-001
  5.5516234e-001  2.9798833e-001
  5.5638937e-001  3.0873201e-001
  5.4776567e-001  3.0494637e-001
  5.5100094e-001  2.9205180e-001
  5.4105774e-001  3.0269416e-001
  5.4423540e-001  3.1820754e-001
  5.5109917e-001  3.2445316e-001
  5.4963533e-001  3.1551860e-001
  5.5750483e-001  3.2671717e-001
  5.5248960e-001  2.9301093e-001
  5.4921680e-001  3.1388465e-001
  5.5191980e-001  3.0355844e-001
  5.4095096e-001  3.1062800e-001
  5.4003989e-001  2.9611221e-001
  5.5425502e-001  3.0397406e-001
  5.4569888e-001  3.0186097e-001
  5.4055356e-001  3.0254063e-001
  5.5768888e-001  3.0322980e-001
  5.4031096e-001  2.9294631e-001
  5.4058260e-001  3.0840089e-001
  5.5069443e-001  3.2104732e-001
  5.4800772e-001  3.0212722e-001
  5.3977112e-001  3.0834260e-001
  5.4021773e-001  2.9313464e-001
  6.4007818e-001  3.1144539e-001
  6.3785315e-001  3.0905301e-001
  6.4791370e-001  3.0514704e-001
  6.4483541e-001  3.2979564e-001
  6.3750707e-001  3.1463889e-001
  6.4401576e-001  3.2563803e-001
  6.5334469e-001  3.2390592e-001
  6.4662380e-001  3.5252446e-001
  6.4991999e-001  3.3998641e-001
  6.5492632e-001  3.5734848e-001
  6.4707130e-001  3.6470519e-001
  6.4537035e-001  3.8524184e-001
  6.4593900e-001  3.9433474e-001
  6.4743287e-001  3.6494461e-001
  6.5059346e-001  4.0793675e-001
  6.4731960e-001  3.9947572e-001
  6.4975884e-001  3.8210086e-001
  6.4401142e-001  3.9230158e-001
  6.4823761e-001  4.0248972e-001
  6.3884103e-001  4.0907528e-001
  6.5283664e-001  4.2591391e-001
  6.4034092e-001  4.3548395e-001
  6.4243681e-001  4.2701535e-001
  6.4137404e-001  4.4276038e-001
  6.5466232e-001  4.3717366e-001
  6.3915295e-001  4.3022460e-001
  6.3726441e-001  4.4518108e-001
  6.4918292e-001  4.4561765e-001
  6.3722761e-001  4.1988174e-001
  6.3929485e-001  4.4648191e-001
  6.4744822e-001  4.4204989e-001
  6.4950134e-001  4.3443921e-001
  6.5311767e-001  4.5323478e-001
  6.4735995e-001  4.2205691e-001
  6.5255619e-001  4.2521302e-001
  6.4882627e-001  4.6003985e-001
  6.5100709e-001  4.3862669e-001
  6.4604009e-001  4.4467437e-001
  6.3539607e-001  4.6006238e-001
  6.3927935e-001  4.3799260e-001
  6.4408162e-001  4.5136934e-001
  6.4647295e-001  4.5428359e-001
  6.4300971e-001  4.3444361e-001
  6.4824429e-001  4.4803789e-001
  6.4702060e-001  4.4429246e-001
  6.5063374e-001  4.5072753e-001
  6.3879982e-001  4.4828394e-001
  6.4536942e-001  4.4744249e-001
  6.4296062e-001  4.3831312e-001
  6.5485109e-001  4.6217625e-001
  6.5402879e-001  4.6460519e-001
  6.5316186e-001  4.5950503e-001
  6.4417772e-001  4.6612021e-001
  6.5033765e-001  4.4841481e-001
  6.5349519e-001  4.3203852e-001
  6.4277348e-001  4.5360240e-001
  6.3763293e-001  4.3528967e-001
  6.4580954e-001  4.6198574e-001
  6.4212963e-001  4.6547019e-001
  6.5229518e-001  4.3193612e-001
  6.3903175e-001  4.3969303e-001
  6.3948202e-001  4.5982968e-001
  6.4591574e-001  4.4556590e-001
  6.3699283e-001  4.4762370e-001
  6.4012251e-001  4.2912607e-001
  6.4799817e-001  4.5087104e-001
  6.3752864e-001  4.5088132e-001
  6.4745402e-001  4.5766593e-001
  6.5310227e-001  4.3107611e-001
  6.1219300e-001  4.5951053e-001
  6.0864945e-001  4.3577424e-001
  6.1762210e-001  4.4832118e-001
  6.2146982e-001  4.6239517e-001
  6.1529697e-001  4.6271989e-001
  6.1208568e-001  4.5980176e-001
  6.1114293e-001  4.3028615e-001
  6.0610693e-001  4.4543916e-001
  6.1124198e-001  4.2071573e-001
  6.1214169e-001  4.4411247e-001
  6.1960192e-001  4.3323768e-001
  6.1670841e-001  4.0838083e-001
  6.1478594e-001  4.2500338e-001
  6.0417476e-001  4.3795392e-001
  6.0461452e-001  4.3098428e-001
  6.1389108e-001  4.2523741e-001
  6.1161244e-001  4.2130753e-001
  6.1328828e-001  4.0126881e-001
  6.0313954e-001  3.9136109e-001
  6.1396502e-001  4.0674276e-001
  6.1495885e-001  3.9157629e-001
  6.1201784e-001  3.9209006e-001
  6.0558983e-001  4.0127245e-001
  6.1746687e-001  4.1008898e-001
  6.1824921e-001  4.2143012e-001
  6.0820668e-001  3.9283940e-001
  6.1253146e-001  4.0214112e-001
  6.0713914e-001  4.1742079e-001
  6.0623298e-001  3.8623636e-001
  6.1855323e-001  4.1057959e-001
  6.0371276e-001  3.8262518e-001
  6.0629654e-001  4.1340033e-001
  6.2187493e-001  3.9854076e-001
  6.1388110e-001  4.1625461e-001
  6.1404356e-001  4.0721031e-001
  6.2137972e-001  4.0558003e-001
  6.0438008e-001  3.7652340e-001
  6.1995397e-001  3.8441391e-001
  6.2020830e-001  3.8639914e-001
  6.0666003e-001  3.7900001e-001
  6.0571834e-001  4.0505245e-001
  6.1530180e-001  4.0840085e-001
  6.0598616e-001  3.8910197e-001
  6.0471029e-001  3.8069774e-001
  6.0968597e-001  4.0178644e-001
  6.1042679e-001  4.0827855e-001
  6.0417549e-001  4.0192595e-001
  6.1605465e-001  3.8048873e-001
  6.1331718e-001  3.9000073e-001
  6.2209847e-001  4.0192662e-001
  6.0663428e-001  3.9537991e-001
  6.2075910e-001  4.1382157e-001
  6.1568252e-001  3.8536980e-001
  6.1724886e-001  4.0930315e-001
  6.0994844e-001  3.8954677e-001
  6.1187466e-001  3.8003514e-001
  6.0450453e-001  3.7785404e-001
  6.2005497e-001  4.0407852e-001
  6.1128136e-001  3.8938991e-001
  6.1574386e-001  3.8971162e-001
  6.1694361e-001  3.8656360e-001
  6.0809216e-001  3.8624502e-001
  6.1425303e-001  3.8484540e-001
  6.0978990e-001  3.9298202e-001
  6.1829204e-001  4.1394843e-001
  6.0384998e-001  3.8982972e-001
  6.2223404e-001  4.1214931e-001
  6.1789988e-001  3.8109405e-001
  6.0252670e-001  4.1140893e-001
 -4.8467912e-001  4.0457765e-001
 -4.8517559e-001  4.0866407e-001
 -4.8850622e-001  3.8475942e-001
 -4.8475825e-001  3.4116874e-001
 -4.9314520e-001  3.2418756e-001
 -4.9502692e-001  2.9646212e-001
 -5.0079766e-001  2.3393849e-001
 -4.8251372e-001  1.9232291e-001
 -4.8506150e-001  1.6247436e-001
 -5.0245669e-001  1.4795718e-001
 -4.8885856e-001  9.2096488e-002
 -4.8936049e-001  6.8851124e-002
 -4.9422183e-001  1.3039135e-002
 -4.9293073e-001 -6.5754580e-004
 -4.9469267e-001 -4.6515753e-002
 -4.9341695e-001 -6.1938871e-002
 -5.0192290e-001 -1.2113839e-001
 -4.9395237e-001 -1.4228233e-001
 -5.0034199e-001 -1.4619151e-001
 -5.0159587e-001 -1.8135605e-001
 -4.9133565e-001 -2.1547077e-001
 -4.9023235e-001 -2.1814032e-001
 -4.8768145e-001 -2.3707398e-001
 -4.9731971e-001 -2.4900640e-001
 -4.8793291e-001 -2.7095541e-001
 -4.8819303e-001 -2.8200874e-001
 -4.9238280e-001 -2.7763052e-001
 -4.8460270e-001 -2.8751322e-001
 -4.8687039e-001 -3.1331592e-001
 -4.9256089e-001 -2.9091605e-001
 -4.8722795e-001 -3.3318949e-001
 -4.8911720e-001 -3.3382813e-001
 -4.8289585e-001 -3.2735328e-001
 -5.0011668e-001 -3.2249320e-001
 -4.8507163e-001 -3.5164980e-001
 -4.9110099e-001 -3.2438511e-001
 -5.0005507e-001 -3.4844194e-001
 -4.8305150e-001 -3.6635259e-001
 -4.8565876e-001 -3.4457902e-001
 -5.0121176e-001 -3.6296817e-001
 -4.9689664e-001 -3.4528307e-001
 -4.9426549e-001 -3.4004182e-001
 -4.8992192e-001 -3.5286481e-001
 -4.8407603e-001 -3.6209166e-001
 -4.9415506e-001 -3.7951816e-001
 -4.8822809e-001 -3.7325710e-001
 -4.8304060e-001 -3.6438495e-001
 -4.9374865e-001 -3.8646909e-001
 -4.8975045e-001 -3.7650622e-001
 -4.8442699e-001 -3.6503238e-001
 -4.8502642e-001 -3.8243756e-001
 -4.9960377e-001 -3.8313898e-001
 -4.9844614e-001 -3.6344087e-001
 -4.9003953e-001 -3.6819880e-001
 -4.8695751e-001 -3.6934730e-001
 -4.9752187e-001 -3.5309796e-001
 -4.9506905e-001 -3.6699585e-001
 -4.9563614e-001 -3.7944858e-001
 -4.9333030e-001 -3.7185299e-001
 -4.9904162e-001 -3.5832843e-001
 -4.8754597e-001 -3.5336661e-001
 -5.0049853e-001 -3.5977235e-001
 -4.8465270e-001 -3.7957565e-001
 -5.0081621e-001 -3.6363597e-001
 -4.8682764e-001 -3.5616005e-001
 -4.8548454e-001 -3.6712279e-001
 -4.9344055e-001 -3.7469448e-001
 -4.9035159e-001 -3.8258114e-001
 -4.9536869e-001 -3.7029639e-001
  6.0618163e-001 -3.8071238e-001
  6.0278854e-001 -3.5584482e-001
  6.0323112e-001 -3.6316727e-001
  6.0786313e-001 -3.1915667e-001
  6.0013948e-001 -3.0040407e-001
  6.0865552e-001 -2.6435555e-001
  6.0087117e-001 -2.1653999e-001
  6.0345673e-001 -1.7800812e-001
  6.0224302e-001 -1.4258903e-001
  6.0543294e-001 -1.3045957e-001
  6.0193512e-001 -6.5178414e-002
  6.0668855e-001 -4.2987448e-002
  5.9992677e-001 -1.4493954e-002
  6.0923788e-001  2.7676998e-002
  5.9273146e-001  7.1159696e-002
  6.1097847e-001  8.8525784e-002
  6.0555134e-001  1.0433798e-001
  6.0216786e-001  1.3304725e-001
  5.9385620e-001  1.4931846e-001
  6.0775246e-001  1.7694503e-001
  6.0550467e-001  1.8978104e-001
  5.9934732e-001  2.3320209e-001
  5.9646314e-001  2.3114013e-001
  5.9729387e-001  2.3068112e-001
  6.0263364e-001  2.5582532e-001
  6.0478689e-001  2.8883947e-001
  6.0827707e-001  2.7737225e-001
  5.9521690e-001  3.0706271e-001
  6.0113475e-001  3.0579247e-001
  5.9950072e-001  2.9853017e-001
  5.9579372e-001  3.2042448e-001
  6.0615019e-001  3.1705822e-001
  6.0683796e-001  3.3997999e-001
  5.9871732e-001  3.4582343e-001
  5.9736081e-001  3.3895975e-001
  6.0061822e-001  3.3230100e-001
  5.9656984e-001  3.3404875e-001
  5.9416045e-001  3.4275700e-001
  5.9890788e-001  3.6014074e-001
  5.9670884e-001  3.6951754e-001
  5.9586073e-001  3.6625913e-001
  6.0385011e-001  3.5303026e-001
  6.1013820e-001  3.4906237e-001
  5.9472643e-001  3.5479714e-001
  6.0919006e-001  3.7405647e-001
  6.0237453e-001  3.5050937e-001
  5.9487005e-001  3.6870269e-001
  6.0508449e-001  3.8918638e-001
  6.0403131e-001  3.8682011e-001
  5.9763766e-001  3.7440988e-001
  6.0143109e-001  3.8275079e-001
  5.9149499e-001  3.8257029e-001
  5.9144518e-001  3.8105219e-001
  6.0697021e-001  3.8080872e-001
  5.9315597e-001  3.6543392e-001
  6.0477586e-001  3.7778561e-001
  6.0650024e-001  3.7959537e-001
  6.0682960e-001  3.8770127e-001
  6.0518910e-001  3.5602834e-001
  6.0993048e-001  3.6419005e-001
  5.9696012e-001  3.9533109e-001
  6.1091614e-001  3.8868680e-001
  6.0208867e-001  3.8143266e-001
  6.0412149e-001  3.8357298e-001
  6.0990670e-001  3.8873717e-001
  5.9549247e-001  3.6770204e-001
  6.1063008e-001  3.8320870e-001
  5.9441215e-001  3.5786607e-001
  6.0982093e-001  3.7854160e-001
  2.6855665e-001  3.7798977e-001
  2.5291774e-001  3.9181440e-001
  2.5050364e-001  3.5951905e-001
  2.5478161e-001  3.8078956e-001
  2.6033764e-001  3.7154528e-001
  2.6492117e-001  3.3297929e-001
  2.6149263e-001  3.3085717e-001
  2.5573937e-001  3.1261906e-001
  2.5808450e-001  2.9537199e-001
  2.6627303e-001  2.7696606e-001
  2.6194010e-001  2.6197278e-001
  2.5486841e-001  2.3843163e-001
  2.5970813e-001  2.3785521e-001
  2.6718546e-001  2.1965305e-001
  2.5290336e-001  2.1811610e-001
  2.6581881e-001  2.1601804e-001
  2.5304128e-001  1.8361675e-001
  2.5136272e-001  2.0204477e-001
  2.5004374e-001  1.9777292e-001
  2.4962096e-001  1.8599845e-001
  2.6876638e-001  1.6518394e-001
  2.6717820e-001  1.6573296e-001
  2.5041115e-001  1.5173448e-001
  2.6282158e-001  1.4489278e-001
  2.6894987e-001  1.2470181e-001
  2.5382277e-001  1.5604051e-001
  2.5109862e-001  1.1676212e-001
  2.5659474e-001  1.3051773e-001
  2.6408111e-001  1.2370814e-001
  2.6146033e-001  1.2676643e-001
  2.5844486e-001  1.4275024e-001
  2.6767352e-001  1.3660812e-001
  2.4948099e-001  9.9026036e-002
  2.5961904e-001  1.2780085e-001
  2.5230666e-001  1.1433274e-001
  2.5951044e-001  1.0904784e-001
  2.6078174e-001  1.2503975e-001
  2.6226085e-001  1.2591296e-001
  2.5355612e-001  1.2981895e-001
  2.5622119e-001  9.6774611e-002
  2.5596693e-001  1.2291342e-001
  2.6171674e-001  9.9672940e-002
  2.6124124e-001  1.0316368e-001
  2.6317593e-001  1.1878230e-001
  2.5274620e-001  1.0033895e-001
  2.6246199e-001  1.0219593e-001
  2.6479020e-001  8.8386634e-002
  2.5733277e-001  1.1107493e-001
  2.5734273e-001  1.1330564e-001
  2.6325985e-001  9.5801054e-002
  2.5417090e-001  9.7035826e-002
  2.6839510e-001  1.1266542e-001
  2.5213249e-001  1.2251309e-001
  2.5964775e-001  1.1087078e-001
  2.5024606e-001  8.6362567e-002
  2.5566564e-001  1.0145808e-001
  2.5585285e-001  1.0792228e-001
  2.6838389e-001  1.0341180e-001
  2.5356427e-001  8.7960335e-002
  2.5920430e-001  9.3244136e-002
  2.5831095e-001  1.2163415e-001
  2.6583441e-001  1.1388512e-001
  2.4976705e-001  1.1936137e-001
  2.6518775e-001  9.5912406e-002
  2.6023325e-001  9.0298334e-002
  2.5032697e-001  1.0910837e-001
  2.5969445e-001  9.6076110e-002
  2.5832992e-001  9.9363595e-002
  2.5924474e-001  1.1815293e-001
 -5.3379908e-001  1.1512173e-001
 -5.3688946e-001  9.7412641e-002
 -5.3215967e-001  1.0175938e-001
 -5.2811987e-001  6.7834455e-002
 -5.3101036e-001  4.6864196e-002
 -5.3824234e-001  2.2768908e-002
 -5.4519061e-001 -1.4396581e-002
 -5.2832550e-001 -5.9987694e-003
 -5.3942934e-001 -4.2881627e-002
 -5.3181842e-001 -8.8285236e-002
 -5.3092100e-001 -1.0440001e-001
 -5.3091214e-001 -1.1831113e-001
 -5.3508099e-001 -1.5915938e-001
 -5.4049713e-001 -1.8871883e-001
 -5.3202991e-001 -1.9023105e-001
 -5.3746743e-001 -2.0844930e-001
 -5.3668505e-001 -2.3040715e-001
 -5.3739497e-001 -2.5070524e-001
 -5.3851653e-001 -2.6097742e-001
 -5.4347651e-001 -2.8566999e-001
 -5.4138573e-001 -3.0636262e-001
 -5.2944344e-001 -3.3171775e-001
 -5.2951976e-001 -3.1967725e-001
 -5.3720513e-001 -3.4613634e-001
 -5.3487123e-001 -3.5437145e-001
 -5.3264312e-001 -3.6443749e-001
 -5.4419640e-001 -3.5771183e-001
 -5.3533580e-001 -3.8397461e-001
 -5.4309686e-001 -3.7189025e-001
 -5.4573011e-001 -3.9435084e-001
 -5.4571883e-001 -3.8340146e-001
 -5.2819954e-001 -3.9894243e-001
 -5.3659318e-001 -3.8653603e-001
 -5.4399455e-001 -3.8020906e-001
 -5.3406502e-001 -4.1267710e-001
 -5.3532122e-001 -4.0959032e-001
 -5.4075019e-001 -4.1157272e-001
 -5.3355398e-001 -4.0957652e-001
 -5.3905574e-001 -4.0928627e-001
 -5.4260655e-001 -4.2285731e-001
 -5.4218045e-001 -4.1272037e-001
 -5.3926935e-001 -4.0337878e-001
 -5.4632684e-001 -4.0994583e-001
 -5.4006241e-001 -4.1849285e-001
 -5.3595603e-001 -4.0730106e-001
 -5.3582806e-001 -4.0749240e-001
 -5.4566057e-001 -4.3015497e-001
 -5.3535807e-001 -4.1852141e-001
 -5.3747971e-001 -3.9922887e-001
 -5.3375816e-001 -4.1444859e-001
 -5.3127491e-001 -4.1463093e-001
 -5.4319631e-001 -4.0757639e-001
 -5.2776669e-001 -4.2865760e-001
 -5.3629564e-001 -4.1111333e-001
 -5.2870652e-001 -4.2736652e-001
 -5.3408359e-001 -4.1659245e-001
 -5.4392748e-001 -4.1425758e-001
 -5.4595323e-001 -4.2389665e-001
 -5.4669585e-001 -4.3007586e-001
 -5.4306961e-001 -4.0277587e-001
 -5.3644262e-001 -4.2237254e-001
 -5.4404343e-001 -4.1918031e-001
 -5.4553419e-001 -4.1516671e-001
 -5.3590008e-001 -4.1393121e-001
 -5.2737121e-001 -4.2317996e-001
 -5.4373964e-001 -4.3389538e-001
 -5.4386490e-001 -4.1310523e-001
 -5.4372345e-001 -4.0394141e-001
 -5.4542707e-001 -4.2616520e-001
 -2.3347846e-001 -4.1548284e-001
 -2.3892117e-001 -4.0548675e-001
 -2.3764409e-001 -4.1679165e-001
 -2.3574360e-001 -4.0228760e-001
 -2.3018505e-001 -3.9765635e-001
 -2.4540817e-001 -3.9892159e-001
 -2.4204137e-001 -3.8471793e-001
 -2.4659964e-001 -3.7032378e-001
 -2.4497581e-001 -3.4204997e-001
 -2.4648717e-001 -3.0771087e-001
 -2.4414474e-001 -3.0566785e-001
 -2.3247293e-001 -2.8012143e-001
 -2.2989293e-001 -3.0172485e-001
 -2.3748104e-001 -2.7961034e-001
 -2.3095384e-001 -2.4230310e-001
 -2.4327135e-001 -2.6906028e-001
 -2.3927902e-001 -2.5271764e-001
 -2.4048065e-001 -2.1993616e-001
 -2.3392552e-001 -2.0824658e-001
 -2.2895886e-001 -2.0952212e-001
 -2.4348875e-001 -2.0586552e-001
 -2.3278640e-001 -1.8232312e-001
 -2.3744971e-001 -1.8443341e-001
 -2.3264499e-001 -1.8063088e-001
 -2.3022909e-001 -1.7398534e-001
 -2.4309691e-001 -1.6438931e-001
 -2.2905260e-001 -1.5677611e-001
 -2.4730344e-001 -1.5245704e-001
 -2.3661619e-001 -1.5174125e-001
 -2.3003743e-001 -1.7422823e-001
 -2.4450665e-001 -1.8060145e-001
 -2.3934162e-001 -1.4775614e-001
 -2.4130855e-001 -1.7130926e-001
 -2.3649466e-001 -1.7520832e-001
 -2.3130673e-001 -1.4406747e-001
 -2.4001285e-001 -1.5179421e-001
 -2.3541946e-001 -1.5881007e-001
 -2.2854344e-001 -1.4774468e-001
 -2.3127706e-001 -1.3562507e-001
 -2.3157843e-001 -1.4315921e-001
 -2.2874459e-001 -1.5120353e-001
 -2.4418408e-001 -1.4541818e-001
 -2.3443791e-001 -1.5929344e-001
 -2.3313455e-001 -1.5653971e-001
 -2.3145545e-001 -1.5724608e-001
 -2.3422612e-001 -1.5460652e-001
 -2.4124530e-001 -1.2687294e-001
 -2.4715263e-001 -1.3854680e-001
 -2.4544270e-001 -1.3072036e-001
 -2.4217221e-001 -1.4804297e-001
 -2.3108176e-001 -1.5660065e-001
 -2.2981942e-001 -1.3350553e-001
 -2.3884753e-001 -1.2799762e-001
 -2.2807575e-001 -1.4851085e-001
 -2.4717070e-001 -1.5542164e-001
 -2.3065747e-001 -1.2257900e-001
 -2.3727534e-001 -1.2394814e-001
 -2.2833730e-001 -1.5596499e-001
 -2.3030205e-001 -1.2495167e-001
 -2.4461978e-001 -1.4504159e-001
 -2.4077897e-001 -1.5302657e-001
 -2.4668634e-001 -1.5642827e-001
 -2.3896416e-001 -1.5141894e-001
 -2.3902461e-001 -1.3999609e-001
 -2.4131247e-001 -1.5844117e-001
 -2.2955851e-001 -1.3776456e-001
 -2.3795535e-001 -1.6048707e-001
 -2.3364173e-001 -1.4342720e-001
 -2.3455365e-001 -1.4829632e-001
 -8.6961091e-002 -1.2382532e-001
 -9.8436012e-002 -1.4942699e-001
 -8.8211890e-002 -1.4271546e-001
 -9.5385373e-002 -1.3046285e-001
 -1.0248358e-001 -1.3784774e-001
 -8.6183738e-002 -1.4324505e-001
 -8.4150713e-002 -1.4006615e-001
 -1.0125720e-001 -1.2677816e-001
 -9.3430459e-002 -1.0103156e-001
 -8.8485397e-002 -1.0394998e-001
 -1.0139699e-001 -1.1598248e-001
 -1.0291945e-001 -8.0373027e-002
 -9.4774766e-002 -9.7648699e-002
 -1.0100105e-001 -7.7573930e-002
 -8.4164670e-002 -8.5493391e-002
 -8.4793654e-002 -1.0239697e-001
 -8.4934326e-002 -9.9732780e-002
 -8.3921554e-002 -6.5423361e-002
 -8.9736003e-002 -7.6081222e-002
 -8.9547210e-002 -7.9775970e-002
 -9.6170475e-002 -5.4372939e-002
 -1.0231460e-001 -6.0438615e-002
 -9.4727684e-002 -7.3286814e-002
 -9.2736972e-002 -5.7064063e-002
 -9.2793478e-002 -7.0647271e-002
 -8.7871038e-002 -7.2701491e-002
 -9.1568531e-002 -6.3595460e-002
 -8.4656448e-002 -5.5619416e-002
 -9.0972350e-002 -3.8967401e-002
 -8.6019970e-002 -4.5072325e-002
 -1.0114299e-001 -6.8241982e-002
 -8.7325755e-002 -7.3241540e-002
 -8.4044632e-002 -6.7564880e-002
 -9.8971856e-002 -3.5331727e-002
 -8.5341993e-002 -4.4554300e-002
 -9.0069364e-002 -6.6378913e-002
 -8.9095399e-002 -3.2067388e-002
 -8.9880928e-002 -6.5296237e-002
 -8.7662341e-002 -5.0014058e-002
 -9.3004180e-002 -5.4936755e-002
 -8.8503937e-002 -5.0303227e-002
 -9.3525635e-002 -6.6497631e-002
 -8.5455912e-002 -5.5422189e-002
 -1.0112451e-001 -5.7840905e-002
 -8.6552215e-002 -5.8406598e-002
 -1.0009580e-001 -3.0177900e-002
 -8.8313400e-002 -6.6646806e-002
 -9.4410072e-002 -3.1573911e-002
 -9.1475446e-002 -5.2969641e-002
 -9.6315929e-002 -4.1110141e-002
 -9.5557818e-002 -2.9380169e-002
 -8.8995226e-002 -6.3683354e-002
 -8.4494153e-002 -3.9968030e-002
 -8.6020743e-002 -5.0823027e-002
 -9.1402083e-002 -6.2796033e-002
 -8.4241404e-002 -4.7547270e-002
 -9.0913956e-002 -4.8717122e-002
 -8.8051429e-002 -3.2060268e-002
 -8.5626642e-002 -4.0700679e-002
 -9.9065407e-002 -5.5963091e-002
 -1.0157139e-001 -4.0769744e-002
 -8.7031537e-002 -4.1217624e-002
 -9.5107319e-002 -3.1125641e-002
 -8.9054796e-002 -3.1703811e-002
 -8.4861758e-002 -5.3575105e-002
 -9.7666071e-002 -4.9888460e-002
 -9.7352716e-002 -3.4806069e-002
 -9.2602792e-002 -3.0022439e-002
 -9.2545087e-002 -3.2268036e-002
  3.9271254e-003 -4.6942858e-002
  3.0520987e-003 -4.3542395e-002
 -5.6573910e-003 -2.9079202e-002
 -5.2271483e-004 -5.7953978e-002
 -1.4997757e-003 -4.7715741e-002
 -7.2755912e-003 -5.0111139e-002
 -4.1547263e-003 -2.4884236e-002
  1.1005912e-002 -5.2819013e-002
  9.3051934e-003 -4.1881663e-002
  6.9348537e-003 -2.8443214e-002
 -6.1779587e-003 -2.3471718e-002
  2.1259000e-003 -2.9514852e-002
 -7.8041168e-003 -3.3354560e-002
  4.6501861e-003 -2.4928824e-002
  7.5647280e-003 -2.4352006e-002
  9.3471583e-003 -3.3947937e-002
 -5.9367828e-003 -3.0848377e-002
 -2.7836426e-003 -1.0131169e-002
  6.7165520e-003 -6.8314724e-003
  8.6368463e-004  1.8890394e-003
  2.1025996e-003 -1.0542904e-002
  8.6834482e-003 -1.7139212e-002
  1.0884935e-002 -2.1627892e-002
 -8.4978379e-003 -2.5552007e-002
 -1.8544083e-003 -1.7640109e-002
  1.8120526e-003 -1.1243441e-002
  6.0754715e-003 -2.5308098e-003
  1.0519380e-002 -1.8451972e-003
  5.0219781e-003  7.0671132e-003
 -3.4155142e-003  2.0026589e-005
  1.0141875e-002 -1.8719281e-002
  9.2725305e-003  2.8793173e-003
  2.6760645e-004 -1.9510463e-002
  5.7825369e-003 -7.4382978e-003
  2.2839176e-003 -1.0294693e-002
  1.0997004e-002  8.1255837e-003
 -1.0948771e-003 -1.8624948e-002
  8.7527797e-003  9.1850895e-003
  8.9845075e-003 -1.1292202e-002
 -1.1608871e-003 -1.1523287e-002
  5.6701316e-003 -2.0136816e-002
  9.3721098e-003 -1.5189880e-002
  9.2016577e-003 -1.2000077e-002
 -7.2518369e-003 -1.1707547e-002
 -8.2140526e-003  1.6046322e-002
  2.5673051e-003 -8.9952073e-003
 -8.6950794e-003 -1.6151641e-002
 -4.9143160e-003  1.1339550e-002
 -8.4672809e-003  6.7828394e-003
  6.9645414e-003  4.6379061e-003
 -5.0642955e-003 -6.0739042e-003
  1.0160769e-002  7.8263685e-003
  6.5236418e-003 -1.0410836e-002
  7.4505869e-003 -7.4019484e-003
 -3.5988166e-004 -5.4045073e-003
 -2.8765206e-003 -1.1005113e-002
  4.7249257e-003  7.4389430e-003
  8.2894296e-003  9.8066833e-003
  8.5549750e-003 -1.9216954e-002
  9.0603659e-003 -5.3668120e-003
  7.9908515e-003 -9.9925675e-003
  8.2214071e-004  1.7524748e-002
  8.8992642e-004  1.0949708e-002
 -7.5742047e-003 -4.3856029e-003
  2.5873696e-004  7.8848164e-003
  3.0302223e-003  8.4082194e-003
 -6.6792145e-003  4.0751895e-003
 -2.0051986e-003  1.8946723e-002
 -3.5995808e-003  1.1722947e-002
  8.2746697e-002  2.0102891e-003
  7.9850912e-002 -1.5757696e-002
  7.9445094e-002  1.6514755e-002
  7.2227350e-002 -7.5932897e-003
  7.6337003e-002  1.9873882e-003
  7.6026651e-002 -1.7738960e-003
  8.5324992e-002  1.6939680e-002
  8.4320105e-002  2.0523021e-002
  7.3526717e-002  2.2292280e-002
  7.3727473e-002  2.6973834e-002
  7.2702463e-002 -2.8962768e-003
  8.5847892e-002  2.1954122e-002
  8.2266090e-002  1.6890428e-002
  8.7830514e-002  1.1686584e-002
  7.3265580e-002  2.3186789e-002
  7.6274320e-002  1.5009473e-002
  7.2225571e-002  1.0396424e-002
  8.4274168e-002  1.3718882e-002
  7.6691822e-002  8.1959985e-003
  8.5325696e-002  1.1185971e-002
  7.3749001e-002  1.8878034e-002
  8.1623036e-002  3.0591709e-002
  7.2060893e-002  1.3674406e-002
  7.3169204e-002  1.0673414e-002
  8.0521792e-002  9.0627612e-003
  8.5356018e-002  4.0249228e-002
  8.3170018e-002  3.7036760e-002
  7.5241430e-002  1.5004307e-002
  8.3518821e-002  3.9340689e-002
  8.5126093e-002  1.7392052e-002
  7.7439664e-002  1.6036149e-002
  8.7238863e-002  3.8755503e-002
  7.4703539e-002  1.7553032e-002
  7.5969205e-002  1.4297303e-002
  8.3037690e-002  1.7582356e-002
  8.8507749e-002  1.2954987e-002
  8.7516458e-002  2.0088311e-002
  8.2944773e-002  1.5500681e-002
  7.1188847e-002  1.4307648e-002
  9.0033731e-002  2.5221227e-002
  8.6992628e-002  3.3636556e-002
  7.9129659e-002  2.8837146e-002
  8.8612080e-002  5.2984169e-002
  8.4631017e-002  3.0831096e-002
  7.5990402e-002  1.9367504e-002
  7.4511985e-002  4.4487694e-002
  8.8365586e-002  4.3062071e-002
  7.7675910e-002  1.6964736e-002
  7.7646124e-002  3.2314883e-002
  7.9146559e-002  2.5245472e-002
  8.6413213e-002  2.9836804e-002
  7.4424446e-002  3.0799264e-002
  8.4908897e-002  4.8464146e-002
  8.4009423e-002  4.1924795e-002
  8.7570161e-002  1.4225367e-002
  7.8714029e-002  1.4653339e-002
  7.3381104e-002  2.3164358e-002
  8.8332756e-002  3.7628101e-002
  8.5406752e-002  5.0756799e-002
  8.2643297e-002  2.7095470e-002
  8.5965848e-002  3.1449125e-002
  8.6216505e-002  1.7701165e-002
  8.2244853e-002  4.2348603e-002
  8.7161336e-002  4.2614189e-002
  8.4550010e-002  4.5052868e-002
  8.1845240e-002  5.1440575e-002
  8.4861613e-002  1.5665689e-002
  9.0246767e-002  4.5780649e-002
  8.3698136e-002  3.2441415e-002
 -3.0332704e-001  2.4938333e-002
 -3.1593038e-001  1.5564100e-002
 -3.0468017e-001  4.1115146e-002
 -3.1527807e-001  3.8366734e-002
 -3.1138069e-001  2.4059698e-002
 -3.0389221e-001  1.5709644e-002
 -3.1171045e-001 -1.5727472e-002
 -3.1880750e-001 -3.4034736e-002
 -3.1568878e-001 -3.8852212e-002
 -3.1885243e-001 -5.5920861e-002
 -3.0692642e-001 -7.7190389e-002
 -3.1467451e-001 -7.7748118e-002
 -3.1131200e-001 -9.0755329e-002
 -3.1627296e-001 -1.0256410e-001
 -3.0202057e-001 -1.0640224e-001
 -3.1288940e-001 -1.0786192e-001
 -3.1560721e-001 -1.3274623e-001
 -3.0380195e-001 -1.3774624e-001
 -3.1922028e-001 -1.3303434e-001
 -3.1891409e-001 -1.4283464e-001
 -3.0911331e-001 -1.3569697e-001
 -3.0104234e-001 -1.5855147e-001
 -3.0766539e-001 -1.4322524e-001
 -3.0768615e-001 -1.4347031e-001
 -3.0683236e-001 -1.5349568e-001
 -3.0127107e-001 -1.7442442e-001
 -3.1532454e-001 -1.6235365e-001
 -3.0201160e-001 -1.9278921e-001
 -3.1873324e-001 -1.7221370e-001
 -3.0346889e-001 -1.9478363e-001
 -3.1905785e-001 -1.9943086e-001
 -3.1140883e-001 -2.0120511e-001
 -3.0781635e-001 -2.0411934e-001
 -3.1577378e-001 -1.6852099e-001
 -3.0378786e-001 -1.8713388e-001
 -3.1548992e-001 -1.7914650e-001
 -3.1622141e-001 -1.8692343e-001
 -3.0743285e-001 -1.8195840e-001
 -3.0088855e-001 -1.9962779e-001
 -3.0647838e-001 -1.7927178e-001
 -3.1541172e-001 -1.9415644e-001
 -3.0143789e-001 -2.0993628e-001
 -3.1210575e-001 -1.8259649e-001
 -3.1901004e-001 -1.8890970e-001
 -3.1516278e-001 -2.0075151e-001
 -3.0157195e-001 -1.8766095e-001
 -3.0232992e-001 -2.0001458e-001
 -3.0806031e-001 -2.1482952e-001
 -3.0849396e-001 -1.9393905e-001
 -3.1968791e-001 -2.0562709e-001
 -3.1717244e-001 -2.0141125e-001
 -3.1541686e-001 -1.9453921e-001
 -3.0317329e-001 -2.0552523e-001
 -3.1195740e-001 -2.1240373e-001
 -3.1334817e-001 -1.7876776e-001
 -3.1447411e-001 -2.1424488e-001
 -3.1377920e-001 -2.0527656e-001
 -3.1114612e-001 -2.1721880e-001
 -3.1586156e-001 -1.8192066e-001
 -3.0836012e-001 -2.0396169e-001
 -3.0655637e-001 -1.7938310e-001
 -3.0599809e-001 -1.9726616e-001
 -3.1263487e-001 -1.9652016e-001
 -3.0057387e-001 -2.1157958e-001
 -3.1483491e-001 -2.1051336e-001
 -3.0474425e-001 -1.9975411e-001
 -3.1190513e-001 -2.1041563e-001
 -3.0281455e-001 -1.8174656e-001
 -3.1227000e-001 -2.0813920e-001
 -4.1298782e-001 -1.8114007e-001
 -4.2022684e-001 -1.8668455e-001
 -4.0959679e-001 -2.0708153e-001
 -4.1212939e-001 -2.2327751e-001
 -4.1845144e-001 -2.1449204e-001
 -4.1912673e-001 -2.1736211e-001
 -4.1968119e-001 -2.3399064e-001
 -4.1827494e-001 -2.0413137e-001
 -4.1953380e-001 -2.4053274e-001
 -4.2568570e-001 -2.4672969e-001
 -4.1833433e-001 -2.3808089e-001
 -4.1500941e-001 -2.4289089e-001
 -4.2104426e-001 -2.6579077e-001
 -4.1900707e-001 -2.5754465e-001
 -4.2511971e-001 -2.5293963e-001
 -4.1760234e-001 -2.4037295e-001
 -4.2129174e-001 -2.6631452e-001
 -4.2681429e-001 -2.5916722e-001
 -4.0945163e-001 -2.8937463e-001
 -4.2293373e-001 -2.8670891e-001
 -4.1346706e-001 -2.5936899e-001
 -4.2405214e-001 -2.9581254e-001
 -4.0765363e-001 -2.9860295e-001
 -4.1708670e-001 -2.7871259e-001
 -4.0931178e-001 -2.8980876e-001
 -4.1261012e-001 -2.9622166e-001
 -4.1719635e-001 -2.7025046e-001
 -4.1499566e-001 -2.8036342e-001
 -4.2015417e-001 -2.9397037e-001
 -4.1661565e-001 -2.9382482e-001
 -4.1120164e-001 -3.0259841e-001
 -4.2166643e-001 -3.0212121e-001
 -4.2128627e-001 -2.7700005e-001
 -4.2017691e-001 -2.7619177e-001
 -4.0962049e-001 -2.8237191e-001
 -4.2527356e-001 -3.0449398e-001
 -4.2300634e-001 -2.9130227e-001
 -4.2108476e-001 -3.0699600e-001
 -4.2010950e-001 -3.1036548e-001
 -4.1260499e-001 -2.8827804e-001
 -4.0941344e-001 -2.7965484e-001
 -4.2610142e-001 -2.8631327e-001
 -4.2556876e-001 -2.8367140e-001
 -4.2685022e-001 -3.0779337e-001
 -4.2327314e-001 -3.0151522e-001
 -4.2661416e-001 -3.0040338e-001
 -4.1776463e-001 -2.7986662e-001
 -4.2227229e-001 -3.1320630e-001
 -4.0874161e-001 -2.9629254e-001
 -4.1282327e-001 -2.9279887e-001
 -4.1736703e-001 -3.0652357e-001
 -4.2557846e-001 -3.0990703e-001
 -4.1653862e-001 -3.0155311e-001
 -4.1381894e-001 -3.0344725e-001
 -4.1498569e-001 -3.1153096e-001
 -4.1874891e-001 -2.8231513e-001
 -4.2492399e-001 -3.0048051e-001
 -4.1080766e-001 -2.9132552e-001
 -4.2215385e-001 -3.0975473e-001
 -4.1695638e-001 -2.9935587e-001
 -4.1105729e-001 -3.1623157e-001
 -4.1694334e-001 -2.9841417e-001
 -4.2108594e-001 -3.0748314e-001
 -4.0990141e-001 -2.9092316e-001
 -4.2599206e-001 -2.8838630e-001
 -4.1252481e-001 -3.0265457e-001
 -4.0912235e-001 -2.9597958e-001
 -4.1785908e-001 -2.8905379e-001
 -4.1775266e-001 -2.9388840e-001
  4.0013346e-001 -2.9511259e-001
  4.1629308e-001 -3.1554511e-001
  4.1458227e-001 -2.9488170e-001
  4.0682977e-001 -2.9374847e-001
  4.0519871e-001 -2.5966904e-001
  3.9958871e-001 -2.2744825e-001
  4.1556569e-001 -2.0677611e-001
  3.9716880e-001 -1.6582038e-001
  4.0078495e-001 -1.6200137e-001
  4.0353840e-001 -1.2361320e-001
  3.9806091e-001 -1.0764201e-001
  3.9994792e-001 -1.0617950e-001
  4.1164457e-001 -6.4235621e-002
  4.0670277e-001 -4.7350643e-002
  4.0381848e-001 -3.5079052e-002
  4.0179252e-001 -1.6197363e-002
  4.0607444e-001  9.2607750e-003
  4.0076620e-001  4.4351508e-002
  4.0354228e-001  3.4898223e-002
  4.0233661e-001  4.6888689e-002
  4.1365872e-001  6.2304368e-002
  4.1098438e-001  7.8889760e-002
  4.0372793e-001  1.0161699e-001
  4.0866183e-001  8.7692629e-002
  4.0281394e-001  8.7548317e-002
  4.0233659e-001  1.0626171e-001
  4.0225521e-001  1.1296439e-001
  4.1059878e-001  1.4023164e-001
  4.0745371e-001  1.1818878e-001
  3.9859226e-001  1.5029508e-001
  3.9817409e-001  1.5662574e-001
  4.0223175e-001  1.4830897e-001
  4.0585573e-001  1.3052406e-001
  4.0274296e-001  1.5331001e-001
  4.1063254e-001  1.6441688e-001
  4.1604877e-001  1.6634833e-001
  4.1253628e-001  1.7646818e-001
  4.0977996e-001  1.7082115e-001
  4.1212881e-001  1.8208684e-001
  4.1199351e-001  1.4665314e-001
  4.0877780e-001  1.8045084e-001
  4.1251831e-001  1.5031613e-001
  4.0490695e-001  1.7073340e-001
  4.0916298e-001  1.7723442e-001
  4.0200584e-001  1.8216688e-001
  4.0286122e-001  1.6400096e-001
  3.9744383e-001  1.7763215e-001
  4.0400337e-001  1.8969003e-001
  3.9989310e-001  1.8042536e-001
  4.0528787e-001  1.8663216e-001
  4.0011855e-001  1.7527242e-001
  4.1363736e-001  1.7215215e-001
  4.1184117e-001  1.9145377e-001
  3.9903459e-001  1.8498639e-001
  4.1346984e-001  1.8998660e-001
  4.0159941e-001  1.5759054e-001
  3.9919601e-001  1.6119527e-001
 -9.5886875e-001  1.7928923e-001
