 -4.2254932e-003  4.7429937e-003
 -9.5460433e-003 -1.9111042e-002
 -4.1712569e-003 -1.8497518e-002
 -2.9183477e-003 -1.5385435e-002
  2.9926062e-003  1.2747890e-002
  2.1520340e-003 -4.9240310e-003
  5.1233585e-003 -1.0833748e-002
  7.6872710e-003 -5.2744035e-003
  7.9100538e-003 -1.3018383e-002
 -8.4384780e-003  1.0991186e-002
  9.9268705e-001 -6.7987754e-003
  9.8307254e-001 -7.3687944e-003
  9.9810188e-001  3.7173179e-002
  9.8846625e-001  8.0416495e-002
  9.8687978e-001  1.5156434e-001
  9.8751838e-001  2.0809563e-001
  9.8501731e-001  2.8041915e-001
  9.8604667e-001  3.7842236e-001
  9.9883734e-001  4.5811709e-001
  9.9707171e-001  5.3814424e-001
  9.9704672e-001  6.1436057e-001
  9.8748848e-001  7.1795021e-001
  9.8443800e-001  7.6311782e-001
  9.8314924e-001  8.4516898e-001
  9.8769202e-001  9.0198504e-001
  9.9531682e-001  9.6142374e-001
  9.9470365e-001  1.0059858e+000
  9.9365179e-001  1.0847107e+000
  9.8617680e-001  1.1416348e+000
  9.9035711e-001  1.1673052e+000
  9.8785590e-001  1.2252683e+000
  9.9885128e-001  1.2657654e+000
  9.9731666e-001  1.2764871e+000
  9.9948779e-001  1.3000792e+000
  9.9050832e-001  1.3267548e+000
  9.9701990e-001  1.3568387e+000
  9.8356834e-001  1.4011706e+000
  1.0013387e+000  1.4085297e+000
  9.9591344e-001  1.4389596e+000
  9.8737024e-001  1.4265628e+000
  9.9688214e-001  1.4617573e+000
  9.9174200e-001  1.4730032e+000
  9.9959713e-001  1.4726453e+000
  9.8862068e-001  1.4729301e+000
  9.9339009e-001  1.4938323e+000
  9.8708663e-001  1.5236834e+000
  9.8485940e-001  1.5342156e+000
  9.8692186e-001  1.5450023e+000
  9.8944309e-001  1.5115313e+000
  9.9593140e-001  1.5458723e+000
  9.8295002e-001  1.5247180e+000
  9.9594431e-001  1.5509142e+000
  9.8738598e-001  1.5615590e+000
  9.9930142e-001  1.5659082e+000
  9.9309191e-001  1.5583768e+000
  9.9137960e-001  1.5487330e+000
  9.8522295e-001  1.5720573e+000
  9.8728540e-001  1.5495234e+000
  9.9000254e-001  1.5555682e+000
  1.0014618e+000  1.5464265e+000
  9.9255811e-001  1.5635785e+000
  9.8458731e-001  1.5500178e+000
  1.0004675e+000  1.5842761e+000
  9.9130178e-001  1.5592856e+000
  1.0002633e+000  1.5863898e+000
  9.8800763e-001  1.5550038e+000
  9.9781341e-001  1.5623913e+000
  9.8328777e-001  1.5558735e+000
  9.8643050e-001  1.5846419e+000
  9.9770051e-001  1.5830013e+000
  9.9610583e-001  1.5922515e+000
  1.0003273e+000  1.5922283e+000
  9.9434728e-001  1.5884201e+000
  9.9306076e-001  1.5964753e+000
  9.9723198e-001  1.5887738e+000
  9.9971481e-001  1.5698845e+000
  1.0000451e+000  1.5581718e+000
  9.9928626e-001  1.5866536e+000
  9.9583451e-001  1.5764060e+000
 -4.0095513e-001  1.5733337e+000
 -4.0815032e-001  1.5921501e+000
 -4.0433887e-001  1.5269474e+000
 -4.0882824e-001  1.4826062e+000
 -4.0147342e-001  1.3982559e+000
 -3.9096496e-001  1.3081872e+000
 -4.0303551e-001  1.2409120e+000
 -3.9176082e-001  1.1524730e+000
 -4.0616397e-001  1.0331790e+000
 -4.0290917e-001  9.3044124e-001
 -4.0074254e-001  8.6234584e-001
 -4.0490391e-001  7.6302717e-001
 -3.9375832e-001  6.8393809e-001
 -4.0425651e-001  6.0395945e-001
 -3.9138460e-001  5.2647305e-001
 -4.0315656e-001  4.5699503e-001
 -4.0529386e-001  3.6626805e-001
 -3.9462503e-001  3.1510771e-001
 -3.8997121e-001  2.6483942e-001
 -3.9107808e-001  2.0470978e-001
 -3.9509573e-001  1.6017143e-001
 -3.9283798e-001  1.0825078e-001
 -3.9177893e-001  6.9455471e-002
 -3.9134316e-001  4.4365745e-002
 -4.0449840e-001 -1.7756073e-002
 -3.9657791e-001 -1.2776974e-002
 -4.0422858e-001 -4.6118249e-002
 -4.0025382e-001 -7.4732652e-002
 -3.9345171e-001 -9.0728238e-002
 -3.9479084e-001 -1.2894956e-001
 -4.0421475e-001 -1.4949001e-001
 -3.9435078e-001 -1.4726776e-001
 -3.9095118e-001 -1.5021943e-001
 -3.9226277e-001 -1.6768083e-001
 -3.8967810e-001 -1.9704021e-001
 -4.0625023e-001 -2.1024987e-001
 -3.9196918e-001 -2.0019827e-001
 -3.9386639e-001 -2.0902386e-001
 -3.9390219e-001 -2.1076938e-001
 -3.9991906e-001 -2.1460395e-001
 -4.0142574e-001 -2.4621999e-001
 -4.0695885e-001 -2.3445624e-001
 -3.9999799e-001 -2.4170888e-001
 -4.0616249e-001 -2.6751703e-001
 -4.0323559e-001 -2.6635106e-001
 -4.0149907e-001 -2.6357746e-001
 -3.9061649e-001 -2.6732013e-001
 -4.0523806e-001 -2.6540257e-001
 -3.9600641e-001 -2.8087149e-001
 -4.0122285e-001 -2.6390903e-001
 -4.0523770e-001 -2.6130146e-001
 -4.0847271e-001 -2.8490167e-001
 -3.9307098e-001 -2.7822110e-001
 -4.0284092e-001 -2.5279552e-001
 -3.9416857e-001 -2.5763592e-001
 -3.9729474e-001 -2.9308269e-001
 -4.0317885e-001 -2.6027668e-001
 -3.9279736e-001 -2.8572846e-001
 -3.9125717e-001 -2.7882014e-001
 -3.9731577e-001 -2.9131074e-001
 -3.9280365e-001 -2.8859752e-001
 -3.9800487e-001 -2.6666985e-001
 -3.9281594e-001 -2.9455755e-001
 -4.0834034e-001 -2.8237038e-001
 -3.9213771e-001 -2.7508132e-001
 -4.0681770e-001 -2.9108957e-001
 -4.0608394e-001 -2.7131139e-001
 -3.9454673e-001 -2.7567081e-001
 -4.0506794e-001 -2.8100322e-001
  7.2908989e-003 -2.9008430e-001
  9.8741542e-003 -2.8336032e-001
 -3.2884907e-003 -2.6413886e-001
  7.1059253e-003 -2.8493046e-001
  4.7967293e-003 -2.5080460e-001
  2.7901734e-003 -2.5892386e-001
  1.1717435e-002 -2.3139135e-001
 -3.7803993e-003 -1.9392318e-001
 -3.4545162e-003 -1.8480829e-001
  5.7131436e-003 -2.0173190e-001
  7.3128319e-003 -1.6040970e-001
  1.8086715e-005 -1.7112665e-001
  1.2052324e-002 -1.4316956e-001
 -6.7650450e-003 -1.1541946e-001
 -9.0434047e-004 -1.3783428e-001
  5.5499166e-003 -9.4864101e-002
 -6.6822633e-003 -8.6161918e-002
 -4.7568300e-003 -1.0042922e-001
 -2.6944830e-003 -6.3064380e-002
  9.7179190e-003 -6.4339699e-002
  1.0820295e-002 -4.8933003e-002
 -7.3171180e-003 -4.9368531e-002
 -2.5456391e-003 -5.2494658e-002
  4.7253237e-003 -3.3119987e-002
  1.2221001e-002 -5.7887907e-002
  1.2116954e-002 -5.6038215e-002
  4.9146225e-003 -3.9601831e-002
  1.1497089e-002 -2.9923717e-002
  5.9448926e-006 -3.7118073e-002
 -2.9179627e-003 -2.1006273e-002
  3.8943955e-003 -1.3310747e-002
  3.7323552e-003 -4.7931321e-003
 -1.8472198e-003 -2.3646307e-004
  9.9747120e-003 -1.6670575e-002
  9.4434618e-003 -1.6492220e-002
  5.4903040e-003 -1.3358477e-002
  7.0041004e-003 -1.7225799e-002
 -2.1344652e-003 -1.0526499e-002
 -5.0294497e-003  1.1246000e-002
 -4.4522153e-003 -7.8782360e-003
  5.8888483e-003 -5.6803351e-003
 -7.3825849e-004 -2.3900454e-002
  4.8844347e-003 -1.6396853e-002
  8.0372421e-003  1.2435743e-002
  7.1894554e-003 -7.3863695e-003
  7.2564009e-003 -1.8404431e-002
 -6.2712573e-003 -8.0798194e-003
 -2.9282580e-003 -1.4554827e-002
  1.8563191e-003 -1.1404130e-002
  1.0509888e-002  4.5629856e-003
  3.4155425e-003  1.8211812e-002
 -6.3265309e-003  1.6236623e-002
  8.4205830e-003 -1.8235521e-002
  8.0277120e-003  1.5914396e-002
  2.7111539e-003 -1.2450898e-002
 -6.9542343e-003  1.9793514e-002
  1.2041280e-002 -6.7275821e-003
 -2.6219019e-003 -1.0576692e-002
  1.0550965e-002  1.8166387e-002
  1.4984054e-003  1.2936943e-002
 -6.2133917e-003  1.7555966e-002
 -5.4840877e-003  9.3845842e-003
 -9.9307118e-005  1.5873268e-002
  2.8013422e-003  1.5357080e-002
  1.3215712e-004 -4.9028782e-003
 -7.4353382e-003 -1.3708697e-002
  6.8822665e-003  1.3106832e-002
 -5.6775097e-004  8.1517832e-003
  5.6584662e-003 -1.8102566e-003
 -7.4196857e-001  1.8843076e-002
 -7.3293225e-001  1.9026685e-002
 -7.3686304e-001 -2.8908736e-002
 -7.3181360e-001 -3.8512320e-002
 -7.4177907e-001 -7.2016531e-002
 -7.2760616e-001 -7.0717391e-002
 -7.4215658e-001 -1.1941784e-001
 -7.4339836e-001 -1.4474209e-001
 -7.3012649e-001 -1.8731416e-001
 -7.2747375e-001 -1.9494398e-001
 -7.4040073e-001 -2.4156128e-001
 -7.3341061e-001 -2.6970350e-001
 -7.4382292e-001 -2.9114422e-001
 -7.4002432e-001 -3.3653650e-001
 -7.2842871e-001 -3.7636834e-001
 -7.3167414e-001 -3.6867657e-001
 -7.3560688e-001 -3.9823847e-001
 -7.3821960e-001 -4.1315658e-001
 -7.4108858e-001 -4.3890398e-001
 -7.4077850e-001 -4.5545970e-001
 -7.3005963e-001 -4.6376371e-001
 -7.3743240e-001 -4.9073860e-001
 -7.2890209e-001 -5.1456302e-001
 -7.3485471e-001 -4.9988502e-001
 -7.4330049e-001 -5.4234892e-001
 -7.4438762e-001 -5.4912323e-001
 -7.2657766e-001 -5.3620829e-001
 -7.3306056e-001 -5.4679933e-001
 -7.2551732e-001 -5.7685646e-001
 -7.3581971e-001 -5.6082485e-001
 -7.2570212e-001 -5.7264685e-001
 -7.3391394e-001 -5.6397589e-001
 -7.4070533e-001 -5.8711365e-001
 -7.4301492e-001 -5.9233268e-001
 -7.4274774e-001 -5.9182554e-001
 -7.3051879e-001 -5.7943994e-001
 -7.4258901e-001 -6.0766782e-001
 -7.4161223e-001 -6.1387460e-001
 -7.3742576e-001 -6.0310810e-001
 -7.3863536e-001 -5.9901992e-001
 -7.3618091e-001 -6.2745126e-001
 -7.4329696e-001 -6.1741818e-001
 -7.4194592e-001 -6.3043465e-001
 -7.3252730e-001 -6.2252032e-001
 -7.2960162e-001 -6.1829940e-001
 -7.3790808e-001 -6.3103461e-001
 -7.3922333e-001 -6.3601389e-001
 -7.2740251e-001 -6.2143930e-001
 -7.3086740e-001 -6.2855440e-001
 -7.3722120e-001 -6.3264623e-001
 -7.4162801e-001 -6.2079473e-001
 -7.4432359e-001 -6.4091606e-001
 -7.2647599e-001 -6.0894061e-001
 -7.3694287e-001 -6.3452693e-001
 -7.3343239e-001 -6.2583145e-001
 -7.3508439e-001 -6.1388128e-001
 -7.2743872e-001 -6.2240765e-001
 -7.4163862e-001 -6.3295027e-001
 -7.4348524e-001 -6.1322315e-001
 -7.4422415e-001 -6.0594933e-001
 -7.4440254e-001 -6.3958540e-001
 -7.3170088e-001 -6.4344481e-001
 -7.3584517e-001 -6.2768883e-001
 -7.2681499e-001 -6.4210982e-001
 -7.3712801e-001 -6.3976227e-001
 -7.2795516e-001 -6.4117890e-001
 -7.3115527e-001 -6.3564669e-001
 -7.2650794e-001 -6.3657586e-001
 -7.3575185e-001 -6.2069223e-001
  7.9381202e-001 -6.2935740e-001
  7.9536125e-001 -6.1611794e-001
  7.9560960e-001 -5.8147899e-001
  7.9450082e-001 -5.4614149e-001
  8.0429066e-001 -5.1610730e-001
  8.0224177e-001 -4.1882703e-001
  7.9123048e-001 -3.6788216e-001
  7.9952625e-001 -2.7655081e-001
  8.0221217e-001 -2.0222716e-001
  7.9127361e-001 -1.4642488e-001
  7.8825586e-001 -4.9555989e-002
  7.8666193e-001  1.5009331e-002
  8.0008163e-001  7.3197066e-002
  7.9580406e-001  1.2239004e-001
  7.9419818e-001  1.9394014e-001
  8.0096834e-001  2.6356808e-001
  7.8949533e-001  2.8863312e-001
  7.9124999e-001  3.3145305e-001
  7.9975055e-001  3.6515073e-001
  7.9431832e-001  4.4120619e-001
  7.9322066e-001  4.6625117e-001
  7.9015351e-001  5.0572660e-001
  7.9674269e-001  5.3437208e-001
  8.0128635e-001  5.5647060e-001
  7.8612847e-001  5.6393221e-001
  7.8809473e-001  6.1277108e-001
  7.9494800e-001  6.2792003e-001
  8.0295369e-001  6.4360998e-001
  7.9138021e-001  6.5848529e-001
  7.9077632e-001  6.8369915e-001
  7.8641404e-001  6.9372036e-001
  7.8633010e-001  7.0288712e-001
  7.9670153e-001  7.0093415e-001
  8.0185906e-001  7.3401241e-001
  7.9206767e-001  7.2758691e-001
  7.9208838e-001  7.2437969e-001
  7.8595034e-001  7.2436213e-001
  7.9294617e-001  7.3595428e-001
  8.0244593e-001  7.3874756e-001
  7.8562499e-001  7.7098055e-001
  7.8854737e-001  7.7333786e-001
  8.0173835e-001  7.8095452e-001
  7.8537642e-001  7.8291891e-001
  7.9445359e-001  7.8279798e-001
  8.0175227e-001  7.5699193e-001
  8.0312512e-001  7.5874159e-001
  7.9526086e-001  7.8097023e-001
  8.0189439e-001  7.8844717e-001
  7.9647294e-001  7.6138927e-001
  8.0059902e-001  7.6974283e-001
  7.9137422e-001  7.6168756e-001
  7.8727165e-001  7.7170926e-001
  7.9901145e-001  7.7361795e-001
  7.9995483e-001  8.0081016e-001
  7.9305841e-001  7.7981937e-001
  7.9205151e-001  7.6734155e-001
  7.8620698e-001  7.9247445e-001
  7.9261713e-001  7.9964445e-001
  7.9245692e-001  7.7082434e-001
  7.9080326e-001  7.6836141e-001
  8.0340757e-001  7.8290445e-001
  7.9832273e-001  7.8512376e-001
  7.9363048e-001  7.8554806e-001
  7.9762181e-001  7.8770166e-001
  7.9712224e-001  7.8803564e-001
  8.0472997e-001  7.9152343e-001
  8.0040642e-001  7.9108252e-001
  7.9949781e-001  7.9023929e-001
  8.0273304e-001  8.0131332e-001
 -5.3390399e-001  7.8178992e-001
 -5.2268629e-001  7.9231854e-001
 -5.1468493e-001  7.7197127e-001
 -5.2344440e-001  7.2014139e-001
 -5.3286266e-001  6.8609314e-001
 -5.2282310e-001  6.1687784e-001
 -5.2955447e-001  5.7010004e-001
 -5.2530543e-001  4.8836305e-001
 -5.3213888e-001  4.5675924e-001
 -5.3157468e-001  3.6807281e-001
 -5.1808442e-001  3.0826718e-001
 -5.2901934e-001  2.5521043e-001
 -5.2411843e-001  1.9550620e-001
 -5.2365709e-001  1.6112610e-001
 -5.3372490e-001  9.4202947e-002
 -5.1657673e-001  3.9402109e-002
 -5.2491493e-001  2.4333447e-002
 -5.1451822e-001 -3.7591691e-002
 -5.2272750e-001 -6.4126887e-002
 -5.1663091e-001 -1.1627963e-001
 -5.2928651e-001 -1.2363280e-001
 -5.3176581e-001 -1.6113332e-001
 -5.3108891e-001 -1.8980757e-001
 -5.3292712e-001 -2.1201641e-001
 -5.3011288e-001 -2.0902025e-001
 -5.1675216e-001 -2.4654449e-001
 -5.1869952e-001 -2.8239829e-001
 -5.1547958e-001 -2.6881866e-001
 -5.3250194e-001 -2.9577723e-001
 -5.3271917e-001 -3.2334137e-001
 -5.1457090e-001 -3.0997345e-001
 -5.2368296e-001 -3.2797577e-001
 -5.1836302e-001 -3.3089742e-001
 -5.2792191e-001 -3.3791982e-001
 -5.3174668e-001 -3.5169175e-001
 -5.2440844e-001 -3.7433879e-001
 -5.2581144e-001 -3.5326854e-001
 -5.1580018e-001 -3.5758458e-001
 -5.3092784e-001 -3.7557010e-001
 -5.3004484e-001 -3.9377896e-001
 -5.3111521e-001 -3.6154068e-001
 -5.1496307e-001 -3.6759007e-001
 -5.1914337e-001 -3.7244608e-001
 -5.2998796e-001 -3.9015336e-001
 -5.2080297e-001 -3.7498126e-001
 -5.2972573e-001 -3.7821856e-001
 -5.2513099e-001 -3.8823825e-001
 -5.1530951e-001 -3.9545506e-001
 -5.2247820e-001 -4.1408464e-001
 -5.3116246e-001 -4.0386882e-001
 -5.2152638e-001 -4.1021915e-001
 -5.3043094e-001 -3.8602728e-001
 -5.3245915e-001 -3.9591877e-001
 -5.2983844e-001 -3.9279672e-001
 -5.2358828e-001 -4.1647341e-001
 -5.2078291e-001 -3.8533634e-001
 -5.2493701e-001 -4.0783077e-001
 -5.2980783e-001 -3.9985646e-001
 -5.2971148e-001 -3.9278238e-001
 -5.1631523e-001 -3.9762920e-001
 -5.2808594e-001 -4.2540165e-001
 -5.2911579e-001 -4.0557932e-001
 -5.1618467e-001 -3.8650967e-001
 -5.3172244e-001 -4.2587383e-001
 -5.2081303e-001 -4.2471038e-001
 -5.2756755e-001 -4.2238132e-001
 -5.2759511e-001 -4.0253243e-001
 -5.1760723e-001 -4.2495369e-001
 -5.2311277e-001 -4.1004326e-001
 -8.6292424e-001 -4.1278656e-001
 -8.5891720e-001 -3.9920493e-001
 -8.6391981e-001 -4.1843492e-001
 -8.6920006e-001 -4.3002348e-001
 -8.7159162e-001 -4.2893584e-001
 -8.6330604e-001 -4.4773446e-001
 -8.7055856e-001 -4.7770802e-001
 -8.5630681e-001 -4.8922681e-001
 -8.7259267e-001 -5.1310085e-001
 -8.5992894e-001 -5.2783863e-001
 -8.5733113e-001 -5.2075313e-001
 -8.6649363e-001 -5.5340700e-001
 -8.6354849e-001 -5.5930548e-001
 -8.6761001e-001 -5.7860045e-001
 -8.5643530e-001 -5.7576009e-001
 -8.6275579e-001 -6.1239663e-001
 -8.6039159e-001 -6.2289402e-001
 -8.6751629e-001 -6.1818885e-001
 -8.7283837e-001 -6.2335895e-001
 -8.6593341e-001 -6.6608740e-001
 -8.5884590e-001 -6.4126975e-001
 -8.6226407e-001 -6.5049979e-001
 -8.6690122e-001 -6.6796738e-001
 -8.6587824e-001 -6.7856837e-001
 -8.7269723e-001 -6.7747709e-001
 -8.6186248e-001 -6.9328467e-001
 -8.7172595e-001 -6.8018214e-001
 -8.6227230e-001 -7.1160018e-001
 -8.7332962e-001 -7.0113770e-001
 -8.6391036e-001 -6.9210627e-001
 -8.6036142e-001 -7.0057513e-001
 -8.6422816e-001 -7.2826094e-001
 -8.6214111e-001 -7.3006335e-001
 -8.6727373e-001 -7.1465048e-001
 -8.7028368e-001 -7.2600620e-001
 -8.5625898e-001 -7.2174864e-001
 -8.5652144e-001 -7.2050630e-001
 -8.6125871e-001 -7.3711052e-001
 -8.6132424e-001 -7.2620852e-001
 -8.6292050e-001 -7.2679277e-001
 -8.7410279e-001 -7.3079454e-001
 -8.6526170e-001 -7.0697724e-001
 -8.5878893e-001 -7.2539095e-001
 -8.7162007e-001 -7.3795531e-001
 -8.5928500e-001 -7.3389866e-001
 -8.7169160e-001 -7.1314882e-001
 -8.6630988e-001 -7.2207543e-001
 -8.6982121e-001 -7.2068164e-001
 -8.6892039e-001 -7.2295437e-001
 -8.5726079e-001 -7.3748572e-001
 -8.7521736e-001 -7.1333211e-001
 -8.6141906e-001 -7.4827907e-001
 -8.6829547e-001 -7.3411519e-001
 -8.6405923e-001 -7.2525141e-001
 -8.6922085e-001 -7.1211789e-001
 -8.5852125e-001 -7.3095141e-001
 -8.5872069e-001 -7.3244482e-001
 -8.6485780e-001 -7.2333972e-001
 -8.7495152e-001 -7.1907917e-001
 -8.6514818e-001 -7.3456039e-001
 -8.5931443e-001 -7.3166946e-001
 -8.6449430e-001 -7.2415610e-001
 -8.7143504e-001 -7.2056902e-001
 -8.6935304e-001 -7.2468146e-001
 -8.7451892e-001 -7.1876869e-001
 -8.6834334e-001 -7.4875296e-001
 -8.7064924e-001 -7.4613847e-001
 -8.7060772e-001 -7.4853904e-001
 -8.6637008e-001 -7.4381941e-001
 -2.7685561e-001 -7.1686775e-001
 -2.7748936e-001 -7.2791493e-001
 -2.6242266e-001 -7.3334365e-001
 -2.7738331e-001 -6.8521541e-001
 -2.7279957e-001 -6.7839357e-001
 -2.6300086e-001 -6.4066462e-001
 -2.6962482e-001 -6.3280193e-001
 -2.6054873e-001 -6.0669387e-001
 -2.6773885e-001 -5.5811344e-001
 -2.7016792e-001 -5.3588841e-001
 -2.7077120e-001 -5.1647010e-001
 -2.7748634e-001 -4.9912110e-001
 -2.6442844e-001 -4.6772929e-001
 -2.6435380e-001 -4.1754508e-001
 -2.6392882e-001 -4.0474322e-001
 -2.6496481e-001 -3.8697776e-001
 -2.7354396e-001 -3.7903074e-001
 -2.7855487e-001 -3.3937306e-001
 -2.7175025e-001 -3.4230470e-001
 -2.6082906e-001 -3.0831508e-001
 -2.6388755e-001 -3.0967751e-001
 -2.7287255e-001 -2.8404886e-001
 -2.7506542e-001 -2.7840468e-001
 -2.7549315e-001 -2.7263198e-001
 -2.7723647e-001 -2.6680784e-001
 -2.7001270e-001 -2.5592300e-001
 -2.7331988e-001 -2.1905770e-001
 -2.7401017e-001 -2.1773439e-001
 -2.7582129e-001 -2.4001112e-001
 -2.6933578e-001 -2.0184532e-001
 -2.6418052e-001 -2.1914635e-001
 -2.7092428e-001 -1.8878899e-001
 -2.7563194e-001 -1.8640457e-001
 -2.7592043e-001 -2.0194895e-001
 -2.6066196e-001 -2.0016043e-001
 -2.7170392e-001 -2.0356439e-001
 -2.7556304e-001 -1.9148282e-001
 -2.6131473e-001 -1.9238330e-001
 -2.6267802e-001 -1.6959811e-001
 -2.6406917e-001 -1.8932994e-001
 -2.6890885e-001 -1.6475832e-001
 -2.7071544e-001 -1.8948519e-001
 -2.6150025e-001 -1.8174542e-001
 -2.7513554e-001 -1.8090615e-001
 -2.6024092e-001 -1.7025405e-001
 -2.6231155e-001 -1.7448330e-001
 -2.6502071e-001 -1.9035623e-001
 -2.6936906e-001 -1.7594949e-001
 -2.6099349e-001 -1.6863117e-001
 -2.5910509e-001 -1.8717610e-001
 -2.7810556e-001 -1.8086000e-001
 -2.6225682e-001 -1.5805517e-001
 -2.6556591e-001 -1.6331062e-001
 -2.6978669e-001 -1.5581844e-001
 -2.6727788e-001 -1.8699067e-001
 -2.6279396e-001 -1.8709975e-001
 -2.6609711e-001 -1.7137049e-001
 -2.6295820e-001 -1.7871573e-001
 -2.7756109e-001 -1.6339371e-001
 -2.7096416e-001 -1.5383079e-001
 -2.7034759e-001 -1.5662600e-001
 -2.6547083e-001 -1.4929031e-001
 -2.6606286e-001 -1.6535700e-001
 -2.6104621e-001 -1.6468955e-001
 -2.6652212e-001 -1.5945235e-001
 -2.6644530e-001 -1.5121323e-001
 -2.6120904e-001 -1.7873977e-001
 -2.6341501e-001 -1.5796600e-001
 -2.6375045e-001 -1.7831879e-001
  9.7032357e-001 -1.7783403e-001
  9.7209292e-001 -1.5494531e-001
  9.7033633e-001 -1.3470276e-001
  9.8484032e-001 -1.0397640e-001
  9.7564260e-001  1.2454838e-003
  9.7709204e-001  7.5715097e-002
  9.6948888e-001  1.5952125e-001
  9.6851443e-001  2.3170383e-001
  9.8723342e-001  3.2142335e-001
  9.7117902e-001  3.8882244e-001
  9.8668398e-001  5.0266832e-001
  9.7274643e-001  5.8493899e-001
  9.6952221e-001  6.5603662e-001
  9.8146224e-001  7.2130330e-001
  9.6969768e-001  7.9545166e-001
  9.6925448e-001  8.6149641e-001
  9.8191451e-001  9.1836458e-001
  9.6805231e-001  9.6157337e-001
  9.7114827e-001  1.0330499e+000
  9.7350213e-001  1.0807787e+000
  9.7431571e-001  1.1266392e+000
  9.8229185e-001  1.1479810e+000
  9.7944686e-001  1.2034939e+000
  9.7831499e-001  1.2156200e+000
  9.7955773e-001  1.2438533e+000
  9.6810998e-001  1.2701804e+000
  9.7505582e-001  1.3138012e+000
  9.7890582e-001  1.3175502e+000
  9.6985241e-001  1.3384823e+000
  9.7345761e-001  1.3686568e+000
  9.7982569e-001  1.3586335e+000
  9.6810367e-001  1.3773321e+000
  9.6862614e-001  1.4007703e+000
  9.7554527e-001  1.4036799e+000
  9.7132143e-001  1.4356310e+000
  9.7413562e-001  1.4399507e+000
  9.7341062e-001  1.4558289e+000
  9.7415532e-001  1.4377118e+000
  9.7969157e-001  1.4533123e+000
  9.7878150e-001  1.4707438e+000
  9.8382454e-001  1.4507049e+000
  9.7546551e-001  1.4687945e+000
  9.8305131e-001  1.4746315e+000
  9.8106271e-001  1.4863380e+000
  9.7904991e-001  1.4989469e+000
  9.8502952e-001  1.4707195e+000
  9.7651610e-001  1.4691036e+000
  9.7949914e-001  1.4935449e+000
  9.8337621e-001  1.4808667e+000
  9.7880142e-001  1.4952097e+000
  9.8769653e-001  1.5015484e+000
  9.7012283e-001  1.4944237e+000
  9.7403122e-001  1.5032988e+000
  9.7560820e-001  1.5103573e+000
  9.7746545e-001  1.5132188e+000
  9.7246250e-001  1.5082255e+000
  9.7442598e-001  1.4910565e+000
  9.7254815e-001  1.4930149e+000
  9.6844628e-001  1.4891762e+000
  9.6832060e-001  1.5062223e+000
  9.8368813e-001  1.5138248e+000
  9.6838407e-001  1.4869168e+000
  9.8606567e-001  1.4998323e+000
  9.7194322e-001  1.5089891e+000
  9.8019182e-001  1.5146218e+000
  9.7846855e-001  1.5048715e+000
  9.8214573e-001  1.4863287e+000
  9.7507505e-001  1.5022676e+000
  9.8318902e-001  1.5160557e+000
 -5.7583938e-001  1.5245943e+000
 -5.7063540e-001  1.5190461e+000
 -5.7870025e-001  1.4524311e+000
 -5.6745054e-001  1.4199058e+000
 -5.6792891e-001  1.3392102e+000
 -5.7491659e-001  1.2491186e+000
 -5.7553039e-001  1.1281409e+000
 -5.8237040e-001  1.0302811e+000
 -5.7377243e-001  9.3735810e-001
 -5.7139169e-001  8.4973908e-001
 -5.6843206e-001  7.2850146e-001
 -5.7648445e-001  6.3383346e-001
 -5.7090661e-001  5.6091730e-001
 -5.8232992e-001  4.6568233e-001
 -5.8552418e-001  3.9279640e-001
 -5.8336546e-001  2.8561846e-001
 -5.6874985e-001  2.0812213e-001
 -5.7001670e-001  1.4788118e-001
 -5.8219905e-001  1.1022160e-001
 -5.8252659e-001  5.7360318e-002
 -5.7243952e-001  1.6059895e-003
 -5.7795300e-001 -5.6702663e-002
 -5.6724035e-001 -8.5928755e-002
 -5.7642619e-001 -1.4832267e-001
 -5.7790617e-001 -1.4991278e-001
 -5.8215042e-001 -2.1166342e-001
 -5.7920957e-001 -2.0604608e-001
 -5.7713128e-001 -2.5411529e-001
 -5.8319122e-001 -2.8675220e-001
 -5.6634411e-001 -3.0014849e-001
 -5.7715789e-001 -2.9514995e-001
 -5.6987405e-001 -3.1639739e-001
 -5.6959759e-001 -3.5471739e-001
 -5.8132033e-001 -3.6873574e-001
 -5.7312572e-001 -3.5181158e-001
 -5.8079469e-001 -3.6730029e-001
 -5.8346875e-001 -3.7589561e-001
 -5.7780973e-001 -4.0746575e-001
 -5.8459704e-001 -4.1578419e-001
 -5.8375568e-001 -4.0433890e-001
 -5.7535977e-001 -4.3171064e-001
 -5.8172085e-001 -4.2122117e-001
 -5.8543154e-001 -4.1876823e-001
 -5.6606849e-001 -4.4406624e-001
 -5.7105807e-001 -4.3912606e-001
 -5.6630619e-001 -4.2502213e-001
 -5.6692325e-001 -4.2390795e-001
 -5.7651874e-001 -4.5644573e-001
 -5.6620018e-001 -4.3565308e-001
 -5.6889247e-001 -4.4497874e-001
 -5.7976935e-001 -4.6149493e-001
 -5.6691617e-001 -4.4300435e-001
 -5.8367792e-001 -4.6002434e-001
 -5.8360541e-001 -4.4797537e-001
 -5.8593698e-001 -4.6493932e-001
 -5.7988776e-001 -4.5577338e-001
 -5.7856726e-001 -4.4587945e-001
 -5.8354407e-001 -4.5216409e-001
 -5.7171265e-001 -4.6773471e-001
 -5.6680062e-001 -4.5211194e-001
 -5.7950513e-001 -4.6553365e-001
 -5.7017121e-001 -4.7446012e-001
 -5.7252117e-001 -4.5336265e-001
 -5.8375860e-001 -4.4210457e-001
 -5.7147164e-001 -4.4666909e-001
 -5.6829885e-001 -4.7474003e-001
 -5.8594103e-001 -4.5334292e-001
 -5.8391202e-001 -4.5449187e-001
 -5.7854321e-001 -4.6083270e-001
 -4.1663694e-001 -4.6403244e-001
 -4.1495095e-001 -4.6622668e-001
 -4.3152085e-001 -4.4521374e-001
 -4.3147838e-001 -4.6414478e-001
 -4.3286932e-001 -4.5632911e-001
 -4.2280777e-001 -4.3837330e-001
 -4.2669292e-001 -4.2795762e-001
 -4.2981507e-001 -4.2692784e-001
 -4.3089703e-001 -4.0213710e-001
 -4.3117694e-001 -3.9042857e-001
 -4.1725528e-001 -3.8800006e-001
 -4.2230245e-001 -3.8422564e-001
 -4.2248220e-001 -4.0086934e-001
 -4.2176535e-001 -3.9555251e-001
 -4.3138904e-001 -3.5884589e-001
 -4.2241375e-001 -3.7235964e-001
 -4.1740161e-001 -3.4455777e-001
 -4.3136667e-001 -3.5249215e-001
 -4.2201925e-001 -3.6879857e-001
 -4.1724828e-001 -3.5784244e-001
 -4.2992040e-001 -3.5660016e-001
 -4.2320630e-001 -3.4216515e-001
 -4.2519327e-001 -3.2039275e-001
 -4.1814900e-001 -3.4876011e-001
 -4.3389722e-001 -3.1255102e-001
 -4.2014128e-001 -3.0983872e-001
 -4.2384041e-001 -3.3442527e-001
 -4.2634128e-001 -3.4159962e-001
 -4.1933628e-001 -3.2255608e-001
 -4.2699738e-001 -3.1621054e-001
 -4.2778615e-001 -3.0905331e-001
 -4.2174128e-001 -3.2347138e-001
 -4.2704729e-001 -3.3308857e-001
 -4.3136118e-001 -2.9891848e-001
 -4.3384483e-001 -3.0048495e-001
 -4.2998830e-001 -3.1788523e-001
 -4.1689446e-001 -3.0143469e-001
 -4.1528187e-001 -3.1388824e-001
 -4.2524855e-001 -3.1005722e-001
 -4.3203574e-001 -3.0784955e-001
 -4.2469740e-001 -3.1996427e-001
 -4.1506017e-001 -3.2423193e-001
 -4.1967935e-001 -3.0457111e-001
 -4.1561025e-001 -3.0411573e-001
 -4.1633312e-001 -3.1896636e-001
 -4.3020092e-001 -2.9379755e-001
 -4.3298028e-001 -3.2325764e-001
 -4.2673524e-001 -2.9236340e-001
 -4.3230727e-001 -3.1192522e-001
 -4.1983939e-001 -3.1532707e-001
 -4.2796866e-001 -2.9706028e-001
 -4.2593505e-001 -3.1644337e-001
 -4.3094402e-001 -3.0591610e-001
 -4.2020037e-001 -3.1766947e-001
 -4.3086338e-001 -3.2449573e-001
 -4.1956752e-001 -2.9356238e-001
 -4.3010512e-001 -3.2197254e-001
 -4.2265606e-001 -3.0486765e-001
 -4.2801529e-001 -3.0150374e-001
 -4.2047809e-001 -3.2642886e-001
 -4.3258626e-001 -3.1985761e-001
 -4.3131496e-001 -3.2598477e-001
 -4.3105344e-001 -2.9621293e-001
 -4.2771976e-001 -2.9815597e-001
 -4.2684285e-001 -3.1202547e-001
 -4.3041512e-001 -2.9944037e-001
 -4.2154959e-001 -3.2259743e-001
 -4.1578647e-001 -2.9331374e-001
 -4.2629742e-001 -3.0927591e-001
  1.5254912e-002 -3.2212775e-001
  1.5142412e-002 -3.2227588e-001
  1.9083448e-002 -3.1637576e-001
  3.4147159e-003 -2.8627861e-001
  5.7590048e-003 -2.9051450e-001
  1.4425465e-002 -2.6722442e-001
  1.4313818e-002 -2.3620017e-001
  1.8404160e-002 -2.3919930e-001
  1.0576474e-002 -2.2504588e-001
  1.1348750e-002 -1.8701483e-001
  6.4804723e-003 -1.9571007e-001
  6.0495791e-003 -1.6257842e-001
  1.1178387e-002 -1.5122820e-001
  9.6912083e-003 -1.3802310e-001
  8.8779582e-003 -1.3512842e-001
  1.2291634e-002 -1.2989322e-001
 -5.6332360e-005 -1.1937482e-001
  2.9770832e-003 -8.0584004e-002
  1.7753533e-002 -8.5829785e-002
  1.0838222e-002 -8.6851458e-002
 -5.1316388e-004 -5.6924175e-002
  5.0521337e-003 -5.3613468e-002
  8.3831493e-005 -6.7859408e-002
  1.5073258e-002 -6.2665850e-002
  1.3405947e-002 -3.6132183e-002
  9.9058532e-003 -3.1620010e-002
  1.0914521e-002 -2.7781592e-002
  3.3975752e-003 -4.2063825e-002
  7.4569280e-003 -1.3052078e-002
  9.4950411e-003 -1.8150491e-002
  1.5945325e-002 -2.5062834e-003
  1.2376841e-002 -1.0733108e-002
  8.8021495e-003 -2.4887567e-002
  1.6233922e-002 -3.0899134e-002
  8.8091903e-003 -2.9413523e-002
  4.6245453e-003 -4.9994365e-004
  1.3802542e-002 -1.8004787e-002
  1.8568013e-002 -2.0586270e-002
  6.6910797e-003 -2.3471406e-002
  3.9506299e-003  8.1778195e-003
  4.0327228e-003  1.0391817e-002
 -4.4258417e-004 -1.3221901e-002
  1.8831691e-002  8.2528416e-003
  1.5231018e-002 -9.7237457e-003
  1.0448333e-002 -6.8863086e-003
  6.9552083e-003 -6.7287012e-003
  1.2229196e-002 -1.6770801e-002
  1.9052791e-002 -1.5941485e-002
  1.3453944e-002  1.1277399e-003
  1.2259675e-003 -3.3008701e-003
  8.1244052e-003 -1.3971927e-003
  1.3034524e-002  6.9782212e-003
  5.8377461e-003  8.9545233e-003
  1.7613605e-002  8.0305526e-003
  1.1828448e-002 -3.6076774e-003
  1.7822337e-002  1.2728345e-002
  7.6970318e-003  1.0894346e-002
  5.1884206e-003  6.6573445e-003
  1.6959202e-002  1.8610064e-002
 -4.7389621e-004  2.1682433e-002
  2.1397303e-003  1.7879938e-002
  1.8361875e-002 -3.6357450e-003
  1.3468017e-002  1.0157679e-002
  5.3079623e-003  1.9896272e-002
  1.5740551e-002  1.1137511e-002
  1.5336465e-002  2.3730223e-002
  1.7363729e-002  3.7799301e-003
  1.2034887e-002 -5.2455266e-003
  1.1752338e-002  1.1605136e-002
  2.5350609e-001  2.3695863e-002
  2.6951612e-001 -7.6660696e-003
  2.6361629e-001  2.3228175e-003
  2.5628837e-001 -4.7695685e-003
  2.7016274e-001  2.7023079e-003
  2.5206078e-001  1.3034326e-002
  2.5155521e-001  1.5840592e-002
  2.5289767e-001  4.4515959e-002
  2.6149353e-001  3.0678001e-002
  2.6870994e-001  3.8772824e-002
  2.5918025e-001  4.2765909e-002
  2.6236313e-001  5.9954277e-002
  2.6309978e-001  6.4329050e-002
  2.5263769e-001  4.1190231e-002
  2.5896647e-001  6.5286432e-002
  2.5823637e-001  7.5263642e-002
  2.5603245e-001  5.9277623e-002
  2.5329723e-001  6.1910978e-002
  2.5338245e-001  7.2794057e-002
  2.5648076e-001  7.1754895e-002
  2.5646452e-001  7.8594956e-002
  2.6985829e-001  7.9252806e-002
  2.5486021e-001  7.4025700e-002
  2.6128537e-001  7.1361689e-002
  2.5408855e-001  7.8084207e-002
  2.6955067e-001  8.2933299e-002
  2.6972589e-001  8.0500259e-002
  2.5387170e-001  7.2375042e-002
  2.6856805e-001  9.0836671e-002
  2.5138377e-001  1.1001526e-001
  2.6557739e-001  1.0103507e-001
  2.6870837e-001  8.1315263e-002
  2.5888560e-001  8.6657358e-002
  2.5606528e-001  1.0862990e-001
  2.5337114e-001  1.0666624e-001
  2.6807229e-001  1.1102439e-001
  2.6432985e-001  1.1602358e-001
  2.6672991e-001  8.6639135e-002
  2.5830792e-001  1.0044504e-001
  2.5481938e-001  9.0925689e-002
  2.5134026e-001  9.6334046e-002
  2.5285496e-001  8.9857064e-002
  2.5772601e-001  9.4800203e-002
  2.5715327e-001  8.7279629e-002
  2.6126809e-001  8.0993391e-002
  2.5886877e-001  9.7323081e-002
  2.6988260e-001  9.2387443e-002
  2.5432749e-001  8.8423189e-002
  2.6673087e-001  1.0487320e-001
  2.5468591e-001  1.1040924e-001
  2.6724254e-001  1.1048894e-001
  2.6238434e-001  1.0206162e-001
  2.6053816e-001  9.4825702e-002
  2.5832890e-001  1.0004455e-001
  2.5857216e-001  9.3781398e-002
  2.5879412e-001  1.0927600e-001
  2.5626280e-001  1.1898713e-001
  2.7057743e-001  9.3705889e-002
  2.6434796e-001  1.0110945e-001
  2.6124240e-001  9.7761132e-002
  2.5509708e-001  9.4881395e-002
  2.5322435e-001  9.8156115e-002
  2.6890493e-001  1.1727278e-001
  2.5839587e-001  1.2031349e-001
  2.6021094e-001  8.2378286e-002
  2.5243254e-001  1.0627407e-001
  2.6815191e-001  1.1365238e-001
  2.5672533e-001  1.0778041e-001
  2.6937506e-001  8.6930317e-002
 -2.2243799e-001  1.1067867e-001
 -2.1131407e-001  8.6175587e-002
 -2.1235453e-001  1.0163063e-001
 -2.1026800e-001  1.0516412e-001
 -2.1692454e-001  7.1422022e-002
 -2.2287751e-001  5.9558404e-002
 -2.1791769e-001  4.1890733e-002
 -2.0500842e-001  6.1690348e-002
 -2.0763636e-001  1.7804454e-002
 -2.1701190e-001  1.9567773e-002
 -2.0888501e-001  3.7461945e-004
 -2.1228460e-001  2.4790671e-003
 -2.2331212e-001 -8.3902713e-003
 -2.1512311e-001 -3.6018979e-003
 -2.2304583e-001 -2.4707195e-002
 -2.0794986e-001 -4.9441855e-002
 -2.0401710e-001 -2.8052727e-002
 -2.0983451e-001 -4.5331988e-002
 -2.0803969e-001 -5.8666537e-002
 -2.1167383e-001 -5.2218606e-002
 -2.1794121e-001 -7.9382522e-002
 -2.0870830e-001 -6.0932180e-002
 -2.0975591e-001 -7.9718354e-002
 -2.1478293e-001 -1.0163495e-001
 -2.1525083e-001 -8.9950132e-002
 -2.2061797e-001 -9.9995418e-002
 -2.1282756e-001 -9.4372280e-002
 -2.1970619e-001 -8.0737506e-002
 -2.0864974e-001 -1.0692435e-001
 -2.0932019e-001 -1.2292189e-001
 -2.0954346e-001 -9.6514346e-002
 -2.0890765e-001 -1.1499566e-001
 -2.1049965e-001 -1.0307839e-001
 -2.0581147e-001 -1.1129635e-001
 -2.1381181e-001 -9.8262154e-002
 -2.1679785e-001 -1.0383863e-001
 -2.0437922e-001 -1.1895117e-001
 -2.2113451e-001 -1.1526994e-001
 -2.1946115e-001 -1.1334581e-001
 -2.2053399e-001 -1.1713362e-001
 -2.0748130e-001 -1.0879145e-001
 -2.2228607e-001 -1.0961011e-001
 -2.1382133e-001 -1.3152848e-001
 -2.1166503e-001 -1.2157769e-001
 -2.1633299e-001 -1.1945472e-001
 -2.0986222e-001 -1.3461400e-001
 -2.0649525e-001 -1.0963521e-001
 -2.0562063e-001 -1.3459286e-001
 -2.0460349e-001 -1.2166477e-001
 -2.0563246e-001 -1.3134022e-001
 -2.2350266e-001 -1.1704364e-001
 -2.2279475e-001 -1.2381255e-001
 -2.0621555e-001 -1.3204076e-001
 -2.1474539e-001 -1.2102625e-001
 -2.1478259e-001 -1.3886411e-001
 -2.1702142e-001 -1.2017965e-001
 -2.0483994e-001 -1.0865196e-001
 -2.0937657e-001 -1.1372777e-001
 -2.0485526e-001 -1.2135673e-001
 -2.1301428e-001 -1.1610814e-001
 -2.2319734e-001 -1.0860572e-001
 -2.0722558e-001 -1.2100904e-001
 -2.1788348e-001 -1.0670570e-001
 -2.0628580e-001 -1.2090439e-001
 -2.0642918e-001 -1.0887732e-001
 -2.1262075e-001 -1.2513247e-001
 -2.1448863e-001 -1.3684669e-001
 -2.0663291e-001 -1.3380770e-001
 -2.1667783e-001 -1.1884858e-001
  3.5469026e-001 -1.2598883e-001
  3.5093980e-001 -1.1906857e-001
  3.5262021e-001 -1.2902259e-001
  3.6148371e-001 -9.2706491e-002
  3.6800843e-001 -9.0938992e-002
  3.6534437e-001 -7.9375633e-002
  3.6400391e-001 -7.6931005e-002
  3.5836927e-001 -5.2509039e-002
  3.6907817e-001 -4.6019525e-002
  3.6503283e-001 -1.0114734e-002
  3.5724111e-001 -3.2055319e-002
  3.6093333e-001 -3.6715376e-003
  3.5434963e-001  1.8104822e-002
  3.5503994e-001  4.0094330e-002
  3.6462611e-001  3.9005735e-002
  3.5623195e-001  4.8996064e-002
  3.5836915e-001  5.9861923e-002
  3.6488988e-001  4.9248641e-002
  3.5698282e-001  6.1321639e-002
  3.5885021e-001  8.1199877e-002
  3.5059975e-001  7.5852765e-002
  3.6448133e-001  9.2754427e-002
  3.6234856e-001  1.1045808e-001
  3.5243694e-001  1.1022942e-001
  3.5423016e-001  8.9944782e-002
  3.5608859e-001  1.0112277e-001
  3.5054008e-001  1.1283400e-001
  3.5395015e-001  1.3696113e-001
  3.5126964e-001  1.2772216e-001
  3.4992409e-001  1.1498506e-001
  3.6264963e-001  1.2276908e-001
  3.6597612e-001  1.2182457e-001
  3.5780781e-001  1.2857952e-001
  3.5517576e-001  1.5013537e-001
  3.5559761e-001  1.3885078e-001
  3.6419393e-001  1.3111600e-001
  3.5380394e-001  1.4537311e-001
  3.6152265e-001  1.4501797e-001
  3.5487049e-001  1.2520319e-001
  3.6863918e-001  1.3724569e-001
  3.6121218e-001  1.6099819e-001
  3.6751323e-001  1.6104789e-001
  3.6977457e-001  1.3522324e-001
  3.6884610e-001  1.3595256e-001
  3.5948857e-001  1.5709849e-001
  3.5242093e-001  1.4241919e-001
  3.5120416e-001  1.6220707e-001
  3.5765434e-001  1.4519627e-001
  3.6108596e-001  1.4730735e-001
  3.6836963e-001  1.4262891e-001
  3.6860721e-001  1.4322910e-001
  3.6641728e-001  1.4650570e-001
  3.5359269e-001  1.5708973e-001
  3.5778321e-001  1.5774981e-001
  3.6817669e-001  1.4215041e-001
  3.6060445e-001  1.4741262e-001
  3.5895028e-001  1.4406874e-001
  3.5563297e-001  1.3162435e-001
  3.6237653e-001  1.6846793e-001
  3.5355649e-001  1.5309412e-001
  3.6846396e-001  1.4732074e-001
  3.6420052e-001  1.6826000e-001
  3.6656840e-001  1.5698249e-001
  3.5985070e-001  1.4900569e-001
  3.6918538e-001  1.4382436e-001
  3.6678733e-001  1.4682893e-001
  3.5219900e-001  1.3785151e-001
  3.6864463e-001  1.5142795e-001
  3.6368833e-001  1.6796068e-001
 -7.4379071e-001  1.3716427e-001
 -7.3271985e-001  1.6051293e-001
 -7.3096377e-001  1.4929531e-001
 -7.3629612e-001  1.2803228e-001
 -7.3866904e-001  8.5609491e-002
 -7.4693346e-001  4.7956903e-002
 -7.3020874e-001  1.5953467e-002
 -7.3363247e-001 -4.4737743e-002
 -7.3168854e-001 -9.6473439e-002
 -7.3625362e-001 -1.2679841e-001
 -7.4387233e-001 -1.5587816e-001
 -7.3529699e-001 -2.0643873e-001
 -7.4440874e-001 -2.1536054e-001
 -7.3762817e-001 -2.8176899e-001
 -7.4403590e-001 -3.0793050e-001
 -7.3956743e-001 -3.2953658e-001
 -7.3515447e-001 -3.5027594e-001
 -7.3505252e-001 -3.6914108e-001
 -7.4186375e-001 -4.0100478e-001
 -7.4671437e-001 -4.1597025e-001
 -7.4948492e-001 -4.4533465e-001
 -7.4781537e-001 -4.6679643e-001
 -7.3129296e-001 -4.7099653e-001
 -7.3762195e-001 -5.0048000e-001
 -7.3726726e-001 -5.2981784e-001
 -7.4979920e-001 -5.0462020e-001
 -7.4563563e-001 -5.2529572e-001
 -7.4831288e-001 -5.4216877e-001
 -7.4670365e-001 -5.6099365e-001
 -7.4809687e-001 -5.5875811e-001
 -7.4725028e-001 -5.5372769e-001
 -7.4849702e-001 -5.6262358e-001
 -7.4455600e-001 -5.6747074e-001
 -7.4913161e-001 -6.0331169e-001
 -7.3505134e-001 -5.8065866e-001
 -7.3103628e-001 -6.0010581e-001
 -7.4550573e-001 -6.0780830e-001
 -7.3792164e-001 -6.2236422e-001
 -7.4121108e-001 -5.9798177e-001
 -7.4646173e-001 -5.9530441e-001
 -7.4603506e-001 -6.2941211e-001
 -7.4615053e-001 -6.2367982e-001
 -7.3133511e-001 -5.9736330e-001
 -7.4012207e-001 -6.3262286e-001
 -7.3400645e-001 -6.0017798e-001
 -7.4623696e-001 -6.2598699e-001
 -7.4537725e-001 -6.0574255e-001
 -7.3293678e-001 -6.3094612e-001
 -7.4004720e-001 -6.1431942e-001
 -7.3021817e-001 -6.4171497e-001
 -7.4648841e-001 -6.4012743e-001
 -7.3093088e-001 -6.1068997e-001
 -7.4228624e-001 -6.2863770e-001
 -7.4098028e-001 -6.2360259e-001
 -7.4273512e-001 -6.1723212e-001
 -7.4704360e-001 -6.0849253e-001
 -7.3360016e-001 -6.4490423e-001
 -7.4629871e-001 -6.4278894e-001
 -7.3327349e-001 -6.4260626e-001
 -7.4180703e-001 -6.1596493e-001
 -7.4150393e-001 -6.4187478e-001
 -7.3926786e-001 -6.2744385e-001
 -7.4132659e-001 -6.2028323e-001
 -7.4988452e-001 -6.0915384e-001
 -7.3663975e-001 -6.2447819e-001
 -7.4479718e-001 -6.3734332e-001
 -7.3809448e-001 -6.2706927e-001
 -7.4277595e-001 -6.2756230e-001
 -7.3897187e-001 -6.1324607e-001
 -8.5390986e-001 -6.4649653e-001
 -8.5834602e-001 -6.1004258e-001
 -8.6348978e-001 -6.1494198e-001
 -8.6031133e-001 -6.1664397e-001
 -8.5110526e-001 -6.3125167e-001
 -8.5180001e-001 -6.3358265e-001
 -8.5193415e-001 -6.6379524e-001
 -8.5011677e-001 -6.6718400e-001
 -8.5447753e-001 -6.4530028e-001
 -8.6921276e-001 -6.4898351e-001
 -8.4967679e-001 -6.8361463e-001
 -8.6040837e-001 -6.6224956e-001
 -8.5911367e-001 -6.8416575e-001
 -8.6774577e-001 -6.9176116e-001
 -8.5382154e-001 -6.7172125e-001
 -8.5516975e-001 -6.9219284e-001
 -8.5861560e-001 -6.8612880e-001
 -8.5464092e-001 -7.1430887e-001
 -8.5577716e-001 -6.8906564e-001
 -8.5729776e-001 -6.8150866e-001
 -8.6787680e-001 -7.0852742e-001
 -8.6198358e-001 -7.0498703e-001
 -8.6142424e-001 -6.9685077e-001
 -8.5577607e-001 -7.2359962e-001
 -8.6142334e-001 -6.9572548e-001
 -8.5843430e-001 -7.2090331e-001
 -8.5715832e-001 -7.0752613e-001
 -8.6117440e-001 -7.1757839e-001
 -8.5262606e-001 -7.1050118e-001
 -8.5849343e-001 -7.1076188e-001
 -8.5326064e-001 -7.2929081e-001
 -8.6321573e-001 -7.1804738e-001
 -8.5233637e-001 -7.3395537e-001
 -8.6517633e-001 -7.0491249e-001
 -8.6721652e-001 -7.1884963e-001
 -8.6780620e-001 -7.0846761e-001
 -8.6643098e-001 -7.0371517e-001
 -8.5348003e-001 -7.1130275e-001
 -8.5023419e-001 -7.2136164e-001
 -8.6558779e-001 -7.0893109e-001
 -8.5396264e-001 -7.3344581e-001
 -8.6899397e-001 -7.0676557e-001
 -8.6724605e-001 -7.0502896e-001
 -8.6579118e-001 -7.0815020e-001
 -8.5101552e-001 -7.4353943e-001
 -8.5852943e-001 -7.2175026e-001
 -8.6890017e-001 -7.2849286e-001
 -8.5199252e-001 -7.4363935e-001
 -8.5051938e-001 -7.0856486e-001
 -8.5986761e-001 -7.1561961e-001
 -8.6086560e-001 -7.4334608e-001
 -8.5712748e-001 -7.1695507e-001
 -8.6491851e-001 -7.3445653e-001
 -8.5551266e-001 -7.0739224e-001
 -8.4990378e-001 -7.4005222e-001
 -8.6625333e-001 -7.2218530e-001
 -8.5690794e-001 -7.2750908e-001
 -8.5668781e-001 -7.2969983e-001
 -8.5679309e-001 -7.1096681e-001
 -8.4977934e-001 -7.3722005e-001
 -8.6178535e-001 -7.2452287e-001
 -8.6428914e-001 -7.0836002e-001
 -8.6036746e-001 -7.2015057e-001
 -8.6723615e-001 -7.4493803e-001
 -8.6236153e-001 -7.3076330e-001
 -8.5381665e-001 -7.1137452e-001
 -8.6342132e-001 -7.3081096e-001
 -8.5491015e-001 -7.1647786e-001
 -8.5662207e-001 -7.1671932e-001
 -9.0244535e-001 -7.3718075e-001
 -9.0882046e-001 -7.0942710e-001
 -9.1160448e-001 -7.4000747e-001
 -9.0684776e-001 -7.1455672e-001
 -9.0713746e-001 -7.3247100e-001
 -9.0852157e-001 -7.1940410e-001
 -9.0463043e-001 -7.3803716e-001
 -9.1170640e-001 -7.1746049e-001
 -9.1679782e-001 -7.2038790e-001
 -9.1189421e-001 -7.5080466e-001
 -9.0301707e-001 -7.3022418e-001
 -9.0127858e-001 -7.5291968e-001
 -9.1229838e-001 -7.4380695e-001
 -9.1891460e-001 -7.3947010e-001
 -9.1865699e-001 -7.4056563e-001
 -9.0223982e-001 -7.3280920e-001
 -9.0044148e-001 -7.3511227e-001
 -9.0397855e-001 -7.2937162e-001
 -8.9991661e-001 -7.4799209e-001
 -9.0937831e-001 -7.5129952e-001
 -9.0813380e-001 -7.3029907e-001
 -9.0618792e-001 -7.6489048e-001
 -8.9977008e-001 -7.4696571e-001
 -9.0115807e-001 -7.5716504e-001
 -9.1873177e-001 -7.3256406e-001
 -9.0774620e-001 -7.4604562e-001
 -9.0464515e-001 -7.5262968e-001
 -9.1619926e-001 -7.3640751e-001
 -9.1824301e-001 -7.4258872e-001
 -9.0853389e-001 -7.4862179e-001
 -9.1843530e-001 -7.6842884e-001
 -9.0923307e-001 -7.7181643e-001
 -9.1502597e-001 -7.6953195e-001
 -9.0971285e-001 -7.5488769e-001
 -9.0615167e-001 -7.6573091e-001
 -9.1825321e-001 -7.7041035e-001
 -9.0206639e-001 -7.6038814e-001
 -9.1844250e-001 -7.6458011e-001
 -9.0642156e-001 -7.6029240e-001
 -9.0910397e-001 -7.5177721e-001
 -9.0769034e-001 -7.3522798e-001
 -9.0165157e-001 -7.6494713e-001
 -9.1554559e-001 -7.5809796e-001
 -9.1520351e-001 -7.3453286e-001
 -9.1659345e-001 -7.5573620e-001
 -9.0278853e-001 -7.3488296e-001
 -9.0452580e-001 -7.5436846e-001
 -9.0136291e-001 -7.3482307e-001
 -9.1603896e-001 -7.5285218e-001
 -9.1078682e-001 -7.6908946e-001
 -9.0665451e-001 -7.6086303e-001
 -9.0729703e-001 -7.4529369e-001
 -9.1331787e-001 -7.5784850e-001
 -9.0359218e-001 -7.3750330e-001
 -9.1159722e-001 -7.7169632e-001
 -8.9953724e-001 -7.5934615e-001
 -9.1513010e-001 -7.5192798e-001
 -9.0363766e-001 -7.4428159e-001
 -9.0233227e-001 -7.4520829e-001
 -9.1000696e-001 -7.5931364e-001
 -9.0565015e-001 -7.3838470e-001
 -9.0328956e-001 -7.6685676e-001
 -9.1452117e-001 -7.3896952e-001
 -9.0418807e-001 -7.6426158e-001
 -9.0083142e-001 -7.5804688e-001
 -8.9933989e-001 -7.7446601e-001
 -9.0157340e-001 -7.5276727e-001
 -9.0916462e-001 -7.6080356e-001
 -9.1911506e-001 -7.4878307e-001
  9.8157645e-002 -7.3732160e-001
  9.9774654e-002 -7.5110282e-001
  1.1359512e-001 -7.4992746e-001
  1.0892777e-001 -6.9965254e-001
  1.1224630e-001 -7.0286919e-001
  1.0242549e-001 -6.5738130e-001
  9.8109755e-002 -5.9769758e-001
  1.0026039e-001 -5.8067807e-001
  1.1051548e-001 -5.1383171e-001
  9.8160133e-002 -4.9119956e-001
  1.1666123e-001 -4.4360063e-001
  1.1784723e-001 -4.0939000e-001
  1.0542029e-001 -3.7759681e-001
  1.1576003e-001 -3.3601001e-001
  1.0965692e-001 -2.8996962e-001
  1.1455703e-001 -2.8352302e-001
  1.0750284e-001 -2.3079210e-001
  9.9044738e-002 -2.2125383e-001
  1.0706264e-001 -1.8898351e-001
  1.0423013e-001 -1.6384869e-001
  1.1605913e-001 -1.3007230e-001
  1.1581314e-001 -1.3448814e-001
  1.1087928e-001 -1.1103590e-001
  1.0277698e-001 -7.4627366e-002
  1.0253641e-001 -9.1960305e-002
  1.0882462e-001 -8.2465963e-002
  1.0571238e-001 -4.5265170e-002
  1.1295181e-001 -5.0630578e-002
  1.0570737e-001 -1.3426688e-002
  1.0316433e-001 -3.7601688e-002
  1.0479374e-001 -1.5273803e-002
  1.1654117e-001 -7.1201725e-003
  1.0533298e-001 -4.8016411e-003
  1.0750645e-001 -8.8295442e-004
  1.0262021e-001 -8.4662577e-003
  1.0848090e-001  6.0699078e-005
  1.0205835e-001  2.2447515e-002
  1.0376006e-001  3.6825620e-002
  1.0849564e-001  2.2231606e-002
  1.0800760e-001  2.8480431e-002
  1.0783833e-001  3.2381126e-002
  1.1608587e-001  4.5409807e-002
  1.1246279e-001  2.3863321e-002
  1.1585016e-001  2.9673091e-002
  1.1395441e-001  1.7552559e-002
  1.0681460e-001  1.6940503e-002
  1.0255603e-001  3.6694828e-002
  9.9198392e-002  4.2878619e-002
  1.0353989e-001  5.0658851e-002
  1.0649068e-001  4.1677445e-002
  1.0695840e-001  2.0971870e-002
  1.1744296e-001  4.8629076e-002
  1.1639403e-001  2.5839578e-002
  1.0980739e-001  2.3607243e-002
  1.0952951e-001  2.2611376e-002
  1.0011736e-001  2.4263391e-002
  1.0583991e-001  2.9928989e-002
  1.1671350e-001  3.7248207e-002
  1.0214241e-001  3.3499157e-002
  1.0126497e-001  2.8209532e-002
  1.0479361e-001  4.7786691e-002
  1.1025970e-001  2.7169563e-002
  1.0657062e-001  5.2166982e-002
  1.0617248e-001  5.8534871e-002
  1.0355984e-001  4.0779363e-002
  1.1595771e-001  3.9500125e-002
  1.1151147e-001  3.9831054e-002
  9.9941179e-002  5.8513338e-002
  9.9525487e-002  4.4531761e-002
  7.7190025e-001  2.8621448e-002
  7.9000761e-001  3.2033552e-002
  7.7898383e-001  4.3007909e-002
  7.8007287e-001  7.2430094e-002
  7.8314657e-001  1.0133732e-001
  7.7535283e-001  1.4173975e-001
  7.7207690e-001  1.6055915e-001
  7.8479238e-001  2.2075379e-001
  7.8080536e-001  2.4395930e-001
  7.7563215e-001  2.9268780e-001
  7.7556276e-001  3.1991667e-001
  7.8550386e-001  3.6794681e-001
  7.8658072e-001  3.8048502e-001
  7.8249906e-001  4.0959969e-001
  7.8214950e-001  4.3754481e-001
  7.7976666e-001  4.9849134e-001
  7.8277182e-001  5.2327500e-001
  7.8624499e-001  5.4468643e-001
  7.7750261e-001  5.4750522e-001
  7.8732348e-001  5.5739021e-001
  7.7314875e-001  5.8251190e-001
  7.8106598e-001  6.1379195e-001
  7.7961550e-001  6.3519317e-001
  7.8985461e-001  6.4726258e-001
  7.8019282e-001  6.6418536e-001
  7.9053406e-001  6.4253730e-001
  7.7972296e-001  6.5153673e-001
  7.7648231e-001  6.6349749e-001
  7.8908476e-001  6.7427344e-001
  7.8151214e-001  7.0048753e-001
  7.8010385e-001  6.8693216e-001
  7.8267970e-001  7.0783142e-001
  7.7660375e-001  6.9624558e-001
  7.7677555e-001  7.1706302e-001
  7.7582708e-001  7.1668028e-001
  7.8324484e-001  7.3745010e-001
  7.8833539e-001  7.0579480e-001
  7.8868557e-001  7.2326546e-001
  7.8451032e-001  7.1778272e-001
  7.9133253e-001  7.1673329e-001
  7.9121201e-001  7.5187114e-001
  7.8528490e-001  7.3484733e-001
  7.8734193e-001  7.4128553e-001
  7.7860833e-001  7.2441367e-001
  7.8724267e-001  7.4582503e-001
  7.7256032e-001  7.3977124e-001
  7.7868903e-001  7.4901158e-001
  7.7877233e-001  7.2705567e-001
  7.7422707e-001  7.2818774e-001
  7.9127730e-001  7.4529876e-001
  7.7994745e-001  7.6043192e-001
  7.7976208e-001  7.5617941e-001
  7.8728619e-001  7.5073148e-001
  7.8029646e-001  7.3722041e-001
  7.8315794e-001  7.5510053e-001
  7.8464174e-001  7.3174576e-001
  7.7229259e-001  7.5907306e-001
  7.7971261e-001  7.4748988e-001
  7.9081126e-001  7.5139175e-001
  7.8354277e-001  7.6742537e-001
  7.9029394e-001  7.6114844e-001
  7.9037319e-001  7.6981282e-001
  7.8674716e-001  7.6177195e-001
  7.8241066e-001  7.4913024e-001
  7.8811820e-001  7.4994105e-001
  7.7184731e-001  7.5228538e-001
  7.8656275e-001  7.4125542e-001
  7.7369307e-001  7.4957688e-001
  7.7260059e-001  7.3782720e-001
  1.6530130e-001  7.5305487e-001
  1.7104427e-001  7.4832476e-001
  1.6178019e-001  7.2218809e-001
  1.7875108e-001  7.1341884e-001
  1.7105726e-001  6.7530282e-001
  1.6458617e-001  6.6400626e-001
  1.6649657e-001  6.1415867e-001
  1.6272330e-001  5.9270402e-001
  1.6569237e-001  5.4657048e-001
  1.7089726e-001  5.2744121e-001
  1.7080698e-001  4.9398473e-001
  1.6860859e-001  4.3392817e-001
  1.7040753e-001  4.1442137e-001
  1.6817561e-001  3.7276826e-001
  1.7302942e-001  3.4256249e-001
  1.8143454e-001  3.3265470e-001
  1.7594449e-001  2.9493158e-001
  1.6880738e-001  2.9382324e-001
  1.7304204e-001  2.4544069e-001
  1.6919417e-001  2.3171497e-001
  1.6902914e-001  2.4109536e-001
  1.7007297e-001  2.2433183e-001
  1.7645001e-001  1.8472083e-001
  1.6878908e-001  1.8283165e-001
  1.7411726e-001  1.7275841e-001
  1.7864487e-001  1.4831729e-001
  1.6398797e-001  1.6727387e-001
  1.6507433e-001  1.3319110e-001
  1.8060003e-001  1.5197692e-001
  1.8113750e-001  1.3411919e-001
  1.6662757e-001  1.2509586e-001
  1.6727988e-001  1.1657741e-001
  1.7835320e-001  1.2059394e-001
  1.7762949e-001  9.4192357e-002
  1.6898670e-001  8.5404801e-002
  1.6884369e-001  9.1195815e-002
  1.6702230e-001  7.7756059e-002
  1.6677686e-001  8.6072730e-002
  1.8147536e-001  1.0734590e-001
  1.6251274e-001  9.0463402e-002
  1.7511414e-001  8.6864592e-002
  1.7162117e-001  7.9973877e-002
  1.6385323e-001  7.8178635e-002
  1.7081377e-001  7.5190362e-002
  1.7596008e-001  9.3544128e-002
  1.8079953e-001  7.3107677e-002
  1.7216548e-001  8.2643056e-002
  1.8029581e-001  5.5973136e-002
  1.8137921e-001  6.0858386e-002
  1.7090179e-001  5.6783715e-002
  1.6886340e-001  5.7408077e-002
  1.6339419e-001  5.9386233e-002
  1.7847155e-001  6.9971449e-002
  1.6986159e-001  5.7790193e-002
  1.7673464e-001  7.1377127e-002
  1.7266814e-001  7.7206919e-002
  1.7111228e-001  8.4650651e-002
  1.6691928e-001  7.9907313e-002
  1.6429302e-001  8.8764853e-002
  1.6314149e-001  5.7982344e-002
  1.7851934e-001  5.5926099e-002
  1.6832833e-001  8.5754140e-002
  1.7506735e-001  8.4660342e-002
  1.6367613e-001  6.3665341e-002
  1.7333479e-001  5.3954790e-002
  1.6388353e-001  5.4059485e-002
  1.6657438e-001  4.8554249e-002
  1.6987093e-001  8.0524808e-002
  1.7589681e-001  8.1133085e-002
  7.0485296e-002  8.4680300e-002
  6.9400443e-002  6.1987960e-002
  5.7740869e-002  6.5518561e-002
  6.0018589e-002  7.1770293e-002
  7.2304132e-002  7.1204246e-002
  5.9118141e-002  8.1368060e-002
  5.6175810e-002  6.4780307e-002
  6.7980615e-002  7.5192263e-002
  5.8749781e-002  7.3025680e-002
  5.9668673e-002  7.3648211e-002
  5.3118523e-002  4.2368619e-002
  6.4370155e-002  6.7460071e-002
  6.1974558e-002  3.2173003e-002
  5.6319144e-002  6.0666582e-002
  6.7161126e-002  2.8540955e-002
  6.3972506e-002  5.8499725e-002
  5.8184279e-002  4.6497322e-002
  6.0954102e-002  4.3763449e-002
  5.7984267e-002  3.7203278e-002
  6.4745665e-002  3.7869229e-002
  5.4146754e-002  3.8049101e-002
  6.5137738e-002  4.2905950e-002
  5.3891301e-002  3.6941849e-002
  7.0340088e-002  2.1780867e-002
  5.9954082e-002  2.7913027e-002
  5.5336554e-002  3.7489062e-002
  6.4960416e-002  3.2273453e-002
  6.5693420e-002  1.6289195e-002
  6.8719493e-002  4.3852589e-002
  6.7822167e-002  4.3809104e-002
  6.8923828e-002  2.2785626e-002
  6.6066111e-002  1.5837019e-002
  7.1330051e-002  4.3479322e-002
  6.5213407e-002  2.1613437e-002
  6.7820797e-002  1.9453532e-002
  6.7356915e-002  4.2871396e-002
  6.6891629e-002  4.0298710e-002
  7.1489282e-002  1.8572799e-002
  7.2482803e-002  4.3871374e-002
  5.9670406e-002  1.2813213e-002
  5.4988199e-002  4.1914624e-002
  6.9222539e-002  4.0531782e-002
  6.6746581e-002  2.5599574e-002
  5.6556824e-002  1.2481157e-002
  6.2712084e-002  1.0567848e-002
  7.1878655e-002  1.4177835e-002
  5.5853332e-002  3.6248317e-002
  6.6284964e-002  2.6574956e-002
  5.6972670e-002  2.7325088e-002
  6.5621564e-002  4.3803356e-002
  6.5506586e-002  1.5586693e-002
  6.1911428e-002  1.2368792e-002
  6.6270831e-002  2.4581083e-002
  6.2034929e-002  1.5762563e-002
  7.0123973e-002  1.6298956e-002
  6.7238388e-002  1.7851704e-002
  6.1662807e-002  1.2342560e-002
  6.5495825e-002  1.3857113e-002
  6.5915731e-002  2.1680642e-002
  7.0846887e-002  4.6244628e-002
  7.2963974e-002  4.1118555e-002
  6.7658961e-002  3.6114501e-002
  6.3208340e-002  3.0337313e-002
  5.4070464e-002  1.6292214e-002
  5.5256257e-002  1.6429368e-002
  7.0257811e-002  7.4832924e-003
  7.1410774e-002  3.9371634e-002
  6.6525082e-002  3.5233639e-002
  6.2338596e-002  3.7706840e-002
  2.9730816e-001  1.8539088e-002
  2.7967871e-001  3.8638883e-002
  2.8579863e-001  2.8605854e-002
  2.7840909e-001  1.5673627e-002
  2.8991851e-001  4.9508138e-002
  2.8944509e-001  2.6725918e-002
  2.7832578e-001  3.4568351e-002
  2.8987647e-001  3.9079209e-002
  2.8528469e-001  6.7066794e-002
  2.7858906e-001  4.3046208e-002
  2.9765196e-001  6.9961025e-002
  2.8072425e-001  7.7547006e-002
  2.8909190e-001  7.9072453e-002
  2.9534913e-001  8.4933858e-002
  2.9173118e-001  8.4778187e-002
  2.7877975e-001  9.1374400e-002
  2.8688432e-001  7.7977207e-002
  2.8687691e-001  1.0265099e-001
  2.9340260e-001  9.1055139e-002
  2.9807715e-001  1.0563117e-001
  2.8322968e-001  1.1191087e-001
  2.9579665e-001  1.0785460e-001
  2.7907480e-001  9.4225808e-002
  2.8471348e-001  1.0331035e-001
  2.9267144e-001  1.0164300e-001
  2.8805440e-001  1.0643396e-001
  2.8901356e-001  9.0373612e-002
  2.8257315e-001  1.0519604e-001
  2.8053998e-001  1.0535909e-001
  2.8778460e-001  1.2024452e-001
  2.9556121e-001  1.1012526e-001
  2.9090887e-001  9.4987558e-002
  2.8704511e-001  9.3789949e-002
  2.8082324e-001  1.1547965e-001
  2.8090355e-001  9.8239525e-002
  2.9773228e-001  1.0800074e-001
  2.9751805e-001  1.2041037e-001
  2.8665821e-001  1.1759673e-001
  2.9320113e-001  1.0328506e-001
  2.8925218e-001  1.2250792e-001
  2.9321345e-001  1.0608538e-001
  2.9759877e-001  9.5709079e-002
  2.7891784e-001  1.2140009e-001
  2.8510043e-001  1.2115901e-001
  2.8761332e-001  9.5905533e-002
  2.8157907e-001  1.2226932e-001
  2.8519845e-001  9.6288364e-002
  2.9584975e-001  1.2872106e-001
  2.7946342e-001  1.2867883e-001
  2.7993531e-001  1.1601906e-001
  2.8219645e-001  1.2720711e-001
  2.9038434e-001  9.8461079e-002
  2.8354900e-001  1.0164713e-001
  2.9303607e-001  9.5492830e-002
  2.8419489e-001  1.2125826e-001
  2.9338925e-001  1.0533772e-001
  2.8313808e-001  1.2355851e-001
  2.9150068e-001  1.1506787e-001
  2.8071865e-001  1.0682507e-001
  2.9692933e-001  1.3057538e-001
  2.8697203e-001  1.2689638e-001
  2.8524027e-001  1.1469791e-001
  2.8147638e-001  9.8703560e-002
  2.8806185e-001  9.7505981e-002
  2.8712369e-001  1.2074489e-001
  2.7940468e-001  1.2225613e-001
  2.9583800e-001  1.3308456e-001
  2.9623605e-001  1.3235345e-001
  2.9373345e-001  1.0995070e-001
 -1.8554778e-001  1.0135209e-001
 -1.7906381e-001  1.0945625e-001
 -1.7747371e-001  1.2541242e-001
 -1.8154162e-001  1.0710043e-001
 -1.9357900e-001  9.9692177e-002
 -1.9249722e-001  1.0291092e-001
 -1.8647933e-001  6.3160596e-002
 -1.7933334e-001  5.4945915e-002
 -1.8320373e-001  4.2207102e-002
 -1.8554394e-001  5.6127804e-002
 -1.9431089e-001  4.0686007e-002
 -1.9138519e-001  3.6793422e-002
 -1.7635026e-001 -5.5299402e-003
 -1.8317138e-001  1.0161539e-002
 -1.8485995e-001 -1.6473285e-002
 -1.9061788e-001 -1.6975154e-002
 -1.7594564e-001 -3.5712925e-002
 -1.8774147e-001 -2.5710728e-002
 -1.8581572e-001 -4.7954022e-002
 -1.7837045e-001 -4.0104816e-002
 -1.7917336e-001 -3.9412944e-002
 -1.8616620e-001 -7.6136222e-002
 -1.8250598e-001 -4.3893710e-002
 -1.7587649e-001 -8.1371009e-002
 -1.8171708e-001 -8.4988667e-002
 -1.8965684e-001 -6.7806751e-002
 -1.8052356e-001 -8.3805768e-002
 -1.8376510e-001 -6.0705720e-002
 -1.7552704e-001 -7.5798459e-002
 -1.8896920e-001 -6.7972932e-002
 -1.8504625e-001 -1.0086629e-001
 -1.8930757e-001 -1.0429632e-001
 -1.9350250e-001 -7.2505726e-002
 -1.9275871e-001 -8.2174934e-002
 -1.9348052e-001 -1.1193375e-001
 -1.7506282e-001 -1.0970982e-001
 -1.8299470e-001 -1.1078201e-001
 -1.7920730e-001 -1.0473343e-001
 -1.7776128e-001 -8.2324022e-002
 -1.7844529e-001 -1.1318342e-001
 -1.7624818e-001 -9.5267251e-002
 -1.9426959e-001 -8.1937239e-002
 -1.9219244e-001 -8.0200132e-002
 -1.8047781e-001 -8.3620586e-002
 -1.7754477e-001 -1.1817969e-001
 -1.8750459e-001 -1.0407214e-001
 -1.9066291e-001 -1.0842722e-001
 -1.8346645e-001 -1.0425022e-001
 -1.9447372e-001 -8.4840958e-002
 -1.9411656e-001 -1.1027131e-001
 -1.7631767e-001 -9.8858585e-002
 -1.8695362e-001 -8.9770994e-002
 -1.7928824e-001 -9.3443491e-002
 -1.9013408e-001 -8.6280724e-002
 -1.8281580e-001 -1.2023278e-001
 -1.7712298e-001 -8.8152275e-002
 -1.8239826e-001 -1.2234124e-001
 -1.7650372e-001 -9.4020021e-002
 -1.7507056e-001 -9.4373898e-002
 -1.9198486e-001 -1.1585408e-001
 -1.9449072e-001 -8.8147286e-002
 -1.7676137e-001 -1.1672213e-001
 -1.9202671e-001 -8.6551187e-002
 -1.9318779e-001 -1.1371718e-001
 -1.8067278e-001 -9.5662238e-002
 -1.9148637e-001 -9.7539608e-002
 -1.9179222e-001 -1.1685905e-001
 -1.8540801e-001 -1.1159942e-001
 -1.7601202e-001 -1.1526716e-001
 -4.7242921e-001 -8.5954201e-002
 -4.7380395e-001 -1.0161375e-001
 -4.8584371e-001 -8.9718718e-002
 -4.8112851e-001 -1.2704036e-001
 -4.6851395e-001 -1.2021848e-001
 -4.7011188e-001 -1.2644055e-001
 -4.6943367e-001 -1.5472862e-001
 -4.7547888e-001 -1.5062186e-001
 -4.8399889e-001 -1.9106690e-001
 -4.8372971e-001 -2.0281599e-001
 -4.7229934e-001 -2.1020867e-001
 -4.6834490e-001 -2.2653430e-001
 -4.7409102e-001 -2.3461355e-001
 -4.7637398e-001 -2.2027308e-001
 -4.7529755e-001 -2.4536384e-001
 -4.8255856e-001 -2.5635587e-001
 -4.7085526e-001 -2.6629108e-001
 -4.7148070e-001 -2.8174265e-001
 -4.7546942e-001 -2.8385468e-001
 -4.7852542e-001 -2.8174003e-001
 -4.7625583e-001 -3.0057448e-001
 -4.8019124e-001 -3.2183347e-001
 -4.6733479e-001 -2.9345297e-001
 -4.7995134e-001 -3.3400459e-001
 -4.6792713e-001 -3.1427628e-001
 -4.8675580e-001 -3.1495106e-001
 -4.7169383e-001 -3.4419775e-001
 -4.7844697e-001 -3.1979946e-001
 -4.7464062e-001 -3.1719413e-001
 -4.8097012e-001 -3.3428318e-001
 -4.6881431e-001 -3.4107708e-001
 -4.8278412e-001 -3.2965232e-001
 -4.7976089e-001 -3.5196577e-001
 -4.8108773e-001 -3.2535401e-001
 -4.8649417e-001 -3.2713781e-001
 -4.7514722e-001 -3.4650453e-001
 -4.7053333e-001 -3.3340282e-001
 -4.7548557e-001 -3.6085108e-001
 -4.7998152e-001 -3.5210821e-001
 -4.8445291e-001 -3.3581441e-001
 -4.8491994e-001 -3.4634041e-001
 -4.6762627e-001 -3.5614765e-001
 -4.7641677e-001 -3.4002955e-001
 -4.8552042e-001 -3.5889075e-001
 -4.8212869e-001 -3.5647018e-001
 -4.8305512e-001 -3.5764240e-001
 -4.8095842e-001 -3.6306265e-001
 -4.6917558e-001 -3.4152587e-001
 -4.7683669e-001 -3.4132519e-001
 -4.8400590e-001 -3.6320090e-001
 -4.8437837e-001 -3.3899855e-001
 -4.8596955e-001 -3.6497345e-001
 -4.7015771e-001 -3.4028538e-001
 -4.6776148e-001 -3.7123221e-001
 -4.6867011e-001 -3.3973398e-001
 -4.7906021e-001 -3.4283759e-001
 -4.6921839e-001 -3.5780357e-001
 -4.7756067e-001 -3.7745960e-001
 -4.7785714e-001 -3.4715062e-001
 -4.8389405e-001 -3.6397572e-001
 -4.8559345e-001 -3.4448019e-001
 -4.7458739e-001 -3.6115981e-001
 -4.8103104e-001 -3.5430408e-001
 -4.7792353e-001 -3.6347896e-001
 -4.8302923e-001 -3.4976704e-001
 -4.8722170e-001 -3.6601290e-001
 -4.7129839e-001 -3.4071785e-001
 -4.7988967e-001 -3.4473035e-001
 -4.8694786e-001 -3.4772118e-001
  2.2272012e-001 -3.6678639e-001
  2.1279213e-001 -3.4387842e-001
  2.2219490e-001 -3.5586829e-001
  2.1334070e-001 -3.2521079e-001
  2.1374225e-001 -3.0664018e-001
  2.1106197e-001 -2.7874987e-001
  2.1530476e-001 -2.9459937e-001
  2.2350835e-001 -2.6374207e-001
  2.2620533e-001 -2.3254232e-001
  2.2262928e-001 -1.9268667e-001
  2.1335006e-001 -1.8850591e-001
  2.1744834e-001 -1.7728389e-001
  2.2704504e-001 -1.2484158e-001
  2.2073391e-001 -1.3455256e-001
  2.1358635e-001 -9.9811608e-002
  2.2104262e-001 -7.3776859e-002
  2.2233120e-001 -7.9882637e-002
  2.1649375e-001 -3.6162149e-002
  2.1229019e-001 -4.4378122e-002
  2.1456204e-001 -4.0570515e-002
  2.2227965e-001 -3.0806003e-002
  2.2102775e-001  1.2180470e-004
  2.1341703e-001  1.6652017e-002
  2.0928900e-001  2.0984800e-002
  2.1904958e-001  8.4598985e-003
  2.1194458e-001  4.4463867e-002
  2.1885860e-001  1.3153148e-002
  2.2584620e-001  3.0876178e-002
  2.2069281e-001  4.9190818e-002
  2.1384920e-001  2.9165288e-002
  2.2551135e-001  3.3238078e-002
  2.1156976e-001  5.7380034e-002
  2.1360893e-001  6.4164979e-002
  2.2183216e-001  5.0598904e-002
  2.1293970e-001  6.8868440e-002
  2.2493989e-001  6.7382055e-002
  2.1490248e-001  6.8884010e-002
  2.1818829e-001  7.8279377e-002
  2.2369503e-001  6.6856661e-002
  2.2317407e-001  7.7979720e-002
  2.2114107e-001  6.7053233e-002
  2.1340337e-001  5.9672502e-002
  2.2310689e-001  8.3535644e-002
  2.1521066e-001  5.9105460e-002
  2.1447591e-001  7.4182188e-002
  2.1096339e-001  6.2426158e-002
  2.0862336e-001  7.1880535e-002
  2.2691913e-001  6.9315135e-002
  2.2662068e-001  9.0187088e-002
  2.1606351e-001  8.9967489e-002
  2.2244840e-001  9.0778021e-002
  2.2186739e-001  7.6982182e-002
  2.1097404e-001  8.4710686e-002
  2.1243994e-001  7.7447008e-002
  2.2647709e-001  1.0102121e-001
  2.2625728e-001  8.1394938e-002
  2.1597419e-001  6.8230738e-002
  2.1342441e-001  9.8574867e-002
  2.2047458e-001  6.5544123e-002
  2.2092957e-001  7.3186617e-002
  2.0881421e-001  6.9893004e-002
  2.2481521e-001  7.6582001e-002
  2.1877945e-001  7.4738873e-002
  2.2660924e-001  9.3899889e-002
  2.1079305e-001  9.0231699e-002
  2.2734354e-001  1.0379731e-001
  2.2696145e-001  7.8086536e-002
  2.1031666e-001  8.1720029e-002
  2.1672570e-001  8.4152705e-002
  2.6202985e-001  1.0136720e-001
  2.7249768e-001  8.7892409e-002
  2.7453161e-001  8.2368396e-002
  2.7015702e-001  8.4163111e-002
  2.6924960e-001  1.0481815e-001
  2.6840084e-001  9.0986118e-002
  2.6189026e-001  8.4294359e-002
  2.7021554e-001  9.1964086e-002
  2.5872557e-001  1.1011576e-001
  2.7077402e-001  1.0299950e-001
  2.5741080e-001  7.6157860e-002
  2.7492569e-001  8.8705899e-002
  2.6775193e-001  1.0523846e-001
  2.7347166e-001  8.3277369e-002
  2.5945554e-001  9.0214721e-002
  2.7533377e-001  8.5536202e-002
  2.6039890e-001  7.7645541e-002
  2.6004103e-001  8.5810567e-002
  2.6361257e-001  9.6737008e-002
  2.7119073e-001  1.0653439e-001
  2.7235685e-001  9.8472033e-002
  2.6376260e-001  8.5329599e-002
  2.6362062e-001  1.1274698e-001
  2.7100761e-001  8.4006223e-002
  2.6055510e-001  8.6223542e-002
  2.7288743e-001  1.1644395e-001
  2.6921633e-001  1.0929118e-001
  2.7512047e-001  1.0259501e-001
  2.5928308e-001  1.0699929e-001
  2.5989626e-001  1.1583952e-001
  2.6183104e-001  8.3138402e-002
  2.7061285e-001  1.0375560e-001
  2.6292734e-001  9.8372689e-002
  2.6766173e-001  8.5496539e-002
  2.6324130e-001  1.1183291e-001
  2.6658236e-001  1.1448756e-001
  2.6328146e-001  1.1212015e-001
  2.6888131e-001  8.8329521e-002
  2.5586689e-001  9.6553186e-002
  2.7183510e-001  1.1831992e-001
  2.6256973e-001  1.1073677e-001
  2.6988292e-001  9.3353762e-002
  2.7475048e-001  8.4965540e-002
  2.6572095e-001  9.4421169e-002
  2.6889597e-001  1.1384505e-001
  2.6416192e-001  1.0116728e-001
  2.7256258e-001  1.2197008e-001
  2.6865727e-001  8.7367128e-002
  2.6565776e-001  8.4667073e-002
  2.6294293e-001  1.0861397e-001
  2.6927760e-001  9.2587607e-002
  2.5755676e-001  1.1420877e-001
  2.5652554e-001  1.1255811e-001
  2.7295932e-001  1.0034920e-001
  2.6860995e-001  9.3815921e-002
  2.6778178e-001  1.0528056e-001
  2.6401152e-001  1.1581133e-001
  2.6564675e-001  1.1498546e-001
  2.5885543e-001  9.9048347e-002
  2.5743605e-001  1.0157606e-001
  2.6927910e-001  1.2360846e-001
  2.5842603e-001  1.1999322e-001
  2.6614684e-001  1.1356808e-001
  2.5564406e-001  9.2981394e-002
  2.6407376e-001  8.6921463e-002
  2.6005942e-001  8.7702296e-002
  2.6877145e-001  9.4658311e-002
  2.6563464e-001  9.0221501e-002
  2.6757375e-001  9.8730633e-002
  5.1254875e-001  1.1140844e-001
  5.1129330e-001  8.8253251e-002
  5.0902106e-001  1.2268366e-001
  5.2733614e-001  1.1114171e-001
  5.2245531e-001  1.2066920e-001
  5.1962994e-001  1.1039693e-001
  5.1445357e-001  1.2122386e-001
  5.0939792e-001  1.2583077e-001
  5.2562049e-001  1.4444381e-001
  5.2047892e-001  1.7280166e-001
  5.0891582e-001  1.8857058e-001
  5.2720910e-001  1.5995483e-001
  5.0874105e-001  1.6984352e-001
  5.2136439e-001  2.0145792e-001
  5.2431899e-001  2.0431236e-001
  5.1907534e-001  1.9782497e-001
  5.1437025e-001  2.3016489e-001
  5.2111185e-001  2.1855419e-001
  5.1705465e-001  2.2948249e-001
  5.1947269e-001  2.2261289e-001
  5.1236122e-001  2.1977970e-001
  5.2343506e-001  2.5547983e-001
  5.1280241e-001  2.6028406e-001
  5.1054773e-001  2.6481863e-001
  5.2647298e-001  2.3712691e-001
  5.2499202e-001  2.4562649e-001
  5.2620096e-001  2.6186189e-001
  5.1030777e-001  2.3669375e-001
  5.2254903e-001  2.6134880e-001
  5.1194977e-001  2.5316939e-001
  5.2520617e-001  2.5865272e-001
  5.2310642e-001  2.4812270e-001
  5.2406314e-001  2.5062391e-001
  5.2381519e-001  2.6801447e-001
  5.0968727e-001  2.6248530e-001
  5.2074224e-001  2.5873837e-001
  5.2651472e-001  2.6564752e-001
  5.1886790e-001  2.6433105e-001
  5.1866871e-001  2.8451455e-001
  5.1365761e-001  2.6622368e-001
  5.2797734e-001  2.7955095e-001
  5.2016776e-001  2.6106889e-001
  5.2791301e-001  2.6054601e-001
  5.0937405e-001  2.5775119e-001
  5.1231785e-001  2.7574367e-001
  5.1894048e-001  2.7634414e-001
  5.2136236e-001  2.8909379e-001
  5.1535991e-001  2.9054583e-001
  5.2151188e-001  2.8448743e-001
  5.1565404e-001  2.7709684e-001
  5.2555388e-001  2.8828227e-001
  5.1940137e-001  2.7363891e-001
  5.2200688e-001  2.7153871e-001
  5.1367673e-001  2.6296127e-001
  5.1097205e-001  2.8352776e-001
  5.0935741e-001  2.7708715e-001
  5.2630414e-001  2.5356196e-001
  5.2360903e-001  2.7956072e-001
  5.2458686e-001  2.9170411e-001
  5.1737339e-001  2.7349162e-001
  5.1004873e-001  2.7777143e-001
  5.1162988e-001  2.8216746e-001
  5.1349016e-001  2.5618164e-001
  5.1012980e-001  2.6099125e-001
  5.2560847e-001  2.8884179e-001
  5.1168882e-001  2.8517080e-001
  5.2087853e-001  2.9131476e-001
  5.1911428e-001  2.6579377e-001
  5.1236968e-001  2.8809013e-001
 -5.2701683e-001  2.8652549e-001
 -5.2991187e-001  2.8704574e-001
 -5.3917057e-001  2.5893303e-001
 -5.3311909e-001  2.4179868e-001
 -5.2856989e-001  2.2899146e-001
 -5.3658666e-001  1.8433289e-001
 -5.2971458e-001  1.2602517e-001
 -5.2337724e-001  1.0060185e-001
 -5.3087578e-001  5.8782294e-002
 -5.2834953e-001  4.5570357e-002
 -5.2264012e-001 -1.6262059e-002
 -5.2422950e-001 -3.4282307e-002
 -5.2924225e-001 -5.6777197e-002
 -5.2255343e-001 -9.2392751e-002
 -5.3893554e-001 -1.3594527e-001
 -5.3201611e-001 -1.6632796e-001
 -5.2966487e-001 -1.8705406e-001
 -5.2621183e-001 -2.0267332e-001
 -5.3385646e-001 -2.0126319e-001
 -5.4111515e-001 -2.2998559e-001
 -5.3182896e-001 -2.6889244e-001
 -5.3952120e-001 -2.6074816e-001
 -5.3487235e-001 -2.8984914e-001
 -5.2827943e-001 -2.9136970e-001
 -5.3962017e-001 -3.1851355e-001
 -5.2649485e-001 -3.2068657e-001
 -5.4120566e-001 -3.1273866e-001
 -5.2589953e-001 -3.3480631e-001
 -5.2487307e-001 -3.3394374e-001
 -5.3827391e-001 -3.6237055e-001
 -5.3006397e-001 -3.6580403e-001
 -5.2227825e-001 -3.5963951e-001
 -5.4136436e-001 -3.5437345e-001
 -5.3943538e-001 -3.7973641e-001
 -5.3775276e-001 -3.8969536e-001
 -5.3055163e-001 -3.8245609e-001
 -5.2878971e-001 -3.7905696e-001
 -5.2774792e-001 -3.9751256e-001
 -5.3212307e-001 -4.0741762e-001
 -5.2931924e-001 -4.0245078e-001
 -5.4148446e-001 -4.1740409e-001
 -5.3833481e-001 -4.0456945e-001
 -5.2722093e-001 -3.9592348e-001
 -5.3604828e-001 -4.0471682e-001
 -5.2723080e-001 -3.9760482e-001
 -5.2517110e-001 -4.1538854e-001
 -5.4022473e-001 -4.0022208e-001
 -5.3025628e-001 -3.9276317e-001
 -5.2779980e-001 -4.0194519e-001
 -5.3083757e-001 -4.2556593e-001
 -5.3750964e-001 -4.0490429e-001
 -5.2399912e-001 -4.1705987e-001
 -5.2319945e-001 -4.1247992e-001
 -5.3188554e-001 -4.1705523e-001
 -5.2807008e-001 -3.9498548e-001
 -5.2623594e-001 -4.2911832e-001
 -5.3821806e-001 -4.1159907e-001
 -4.5619402e-001 -4.1562613e-001
